actions:
[('init', None, 100),
 ('turnLeft', 100, 50),
 ('turnLeft', 100, 50),
 ('turnLeft', 100, 50),
 ('turnLeft', 100, 50),
 ('turnLeft', 100, 50),
 ('turnRight', 100, 50),
 ('turnRight', 100, 50),
 ('turnRight', 100, 50),
 ('turnRight', 100, 50),
 ('turnRight', 100, 50),
 ('turnRight', 100, 50),
 ('turnRight', 100, 50),
 ('turnRight', 100, 50),
 ('turnRight', 100, 50),
 ('turnRight', 100, 50),
 ('turnLeft', 100, 200),
 ('turnLeft', 100, 50),
 ('turnLeft', 100, 50),
 ('turnLeft', 100, 50),
 ('turnLeft', 100, 50),
 ('turnLeft', 100, 50),
 ('turnLeft', 100, 50),
 ('turnRight', 100, 50),
 ('turnRight', 100, 50),
 ('turnRight', 100, 50),
 ('turnRight', 100, 50),
 ('turnRight', 100, 50),
 ('turnRight', 100, 50),
 ('turnRight', 100, 50),
 ('turnRight', 100, 50),
 ('driveForward', 100, 150),
 ('driveForward', 100, 150),
 ('driveForward', 100, 150),
 ('driveForward', 100, 150),
 ('driveForward', 100, 150),
 ('driveForward', 100, 150),
 ('turnRight', 100, 50),
 ('driveForward', 100, 150),
 ('driveForward', 100, 150),
 ('turnRight', 100, 50),
 ('driveForward', 100, 150),
 ('driveForward', 100, 150),
 ('turnRight', 100, 50),
 ('driveForward', 100, 150),
 ('driveForward', 100, 150),
 ('driveForward', 100, 150),
 ('driveForward', 100, 150),
 ('turnRight', 100, 50),
 ('driveForward', 100, 150),
 ('turnRight', 100, 50),
 ('driveForward', 100, 150),
 ('driveForward', 100, 150),
 ('driveForward', 100, 150),
 ('turnRight', 100, 50),
 ('driveForward', 100, 150),
 ('driveForward', 100, 150),
 ('driveForward', 100, 150),
 ('turnRight', 100, 50),
 ('driveForward', 100, 150),
 ('driveForward', 100, 150),
 ('driveForward', 100, 150),
 ('turnRight', 100, 50),
 ('driveForward', 100, 150),
 ('driveForward', 100, 150),
 ('driveForward', 100, 150),
 ('driveForward', 100, 150),
 ('turnLeft', 100, 50),
 ('driveForward', 100, 150),
 ('turnLeft', 100, 50),
 ('driveForward', 100, 150),
 ('turnLeft', 100, 50),
 ('turnLeft', 100, 50),
 ('driveForward', 100, 150),
 ('turnLeft', 100, 50),
 ('turnLeft', 100, 50),
 ('turnLeft', 100, 50),
 ('turnLeft', 100, 50),
 ('driveForward', 100, 150),
 ('turnLeft', 100, 50),
 ('turnLeft', 100, 50),
 ('turnLeft', 100, 50),
 ('turnLeft', 100, 50),
 ('driveForward', 100, 150),
 ('turnLeft', 100, 50),
 ('turnLeft', 100, 50),
 ('turnLeft', 100, 50),
 ('driveForward', 100, 150),
 ('turnLeft', 100, 50),
 ('turnLeft', 100, 50),
 ('driveForward', 100, 150),
 ('turnLeft', 100, 50),
 ('turnLeft', 100, 50),
 ('driveForward', 100, 150),
 ('turnLeft', 100, 50),
 ('driveForward', 100, 150),
 ('turnLeft', 100, 50),
 ('driveForward', 100, 150),
 ('driveForward', 100, 150),
 ('turnLeft', 100, 50),
 ('driveForward', 100, 150),
 ('driveForward', 100, 150),
 ('driveForward', 100, 150),
 ('driveForward', 100, 150),
 ('driveForward', 100, 150),
 ('driveForward', 100, 150),
 ('driveForward', 100, 150),
 ('driveForward', 100, 150),
 ('driveForward', 100, 150),
 ('turnRight', 100, 50),
 ('driveForward', 100, 150),
 ('turnRight', 100, 50),
 ('driveForward', 100, 150),
 ('driveForward', 100, 150),
 ('turnRight', 100, 50),
 ('driveForward', 100, 150),
 ('turnRight', 100, 50),
 ('driveForward', 100, 150),
 ('driveForward', 100, 150)]

positions:
[(100, 488),
 (100, 488),
 (100, 488),
 (100, 488),
 (100, 488),
 (100, 488),
 (100, 488),
 (100, 488),
 (100, 488),
 (100, 488),
 (100, 488),
 (100, 488),
 (100, 488),
 (100, 488),
 (100, 488),
 (100, 488),
 (100, 488),
 (100, 488),
 (100, 488),
 (100, 488),
 (100, 488),
 (100, 488),
 (100, 488),
 (100, 488),
 (100, 488),
 (100, 488),
 (100, 488),
 (100, 488),
 (100, 488),
 (100, 488),
 (100, 488),
 (132.834545236915, 490.227271668428),
 (165.66909047383, 492.454543336856),
 (198.50363571074502, 494.68181500528397),
 (231.33818094766002, 496.90908667371195),
 (264.172726184575, 499.13635834213994),
 (297.00727142149003, 501.36363001056793),
 (297.00727142149003, 501.36363001056793),
 (329.5864679960588, 506.01809566793486),
 (362.16566457062754, 510.6725613253018),
 (362.16566457062754, 510.6725613253018),
 (394.31033896247493, 517.7286231335706),
 (426.4550133543223, 524.7846849418395),
 (426.4550133543223, 524.7846849418395),
 (457.9883817542186, 534.2035371732115),
 (489.5217501541149, 543.6223894045836),
 (521.0551185540112, 553.0412416359557),
 (552.5884869539075, 562.4600938673277),
 (552.5884869539075, 562.4600938673277),
 (583.3371275092738, 574.1899363213797),
 (583.3371275092738, 574.1899363213797),
 (613.1319340801707, 588.1662592069902),
 (642.9267406510676, 602.1425820926006),
 (672.7215472219644, 616.118904978211),
 (672.7215472219644, 616.118904978211),
 (701.3986594022588, 632.2648436935293),
 (730.0757715825531, 648.4107824088476),
 (758.7528837628474, 664.5567211241658),
 (758.7528837628474, 664.5567211241658),
 (786.154588051785, 682.7834789834677),
 (813.5562923407226, 701.0102368427696),
 (840.9579966296602, 719.2369947020715),
 (840.9579966296602, 719.2369947020715),
 (866.9335937977346, 739.4443312846577),
 (892.909190965809, 759.6516678672439),
 (918.8847881338834, 779.8590044498301),
 (944.8603853019578, 800.0663410324163),
 (944.8603853019578, 800.0663410324163),
 (972.2620895908954, 818.2930988917182),
 (972.2620895908954, 818.2930988917182),
 (1000.9392017711897, 834.4390376070364),
 (1000.9392017711897, 834.4390376070364),
 (1000.9392017711897, 834.4390376070364),
 (1031.687842326556, 846.1688800610884),
 (1031.687842326556, 846.1688800610884),
 (1031.687842326556, 846.1688800610884),
 (1031.687842326556, 846.1688800610884),
 (1031.687842326556, 846.1688800610884),
 (1064.522387563471, 848.3961517295164),
 (1064.522387563471, 848.3961517295164),
 (1064.522387563471, 848.3961517295164),
 (1064.522387563471, 848.3961517295164),
 (1064.522387563471, 848.3961517295164),
 (1096.5734105479953, 840.9262102541431),
 (1096.5734105479953, 840.9262102541431),
 (1096.5734105479953, 840.9262102541431),
 (1096.5734105479953, 840.9262102541431),
 (1126.1855327570172, 826.5668816389901),
 (1126.1855327570172, 826.5668816389901),
 (1126.1855327570172, 826.5668816389901),
 (1153.3499474627292, 807.9883275053635),
 (1153.3499474627292, 807.9883275053635),
 (1153.3499474627292, 807.9883275053635),
 (1177.4698993794893, 785.5986866075468),
 (1177.4698993794893, 785.5986866075468),
 (1199.8642634101145, 761.4831198577515),
 (1199.8642634101145, 761.4831198577515),
 (1220.409878842807, 735.7742539455433),
 (1240.9554942754996, 710.065388033335),
 (1240.9554942754996, 710.065388033335),
 (1259.5393678313455, 682.9046122038353),
 (1278.1232413871915, 655.7438363743356),
 (1296.7071149430374, 628.5830605448359),
 (1315.2909884988833, 601.4222847153362),
 (1333.8748620547292, 574.2615088858365),
 (1352.458735610575, 547.1007330563368),
 (1371.042609166421, 519.9399572268371),
 (1389.626482722267, 492.7791813973374),
 (1408.2103562781128, 465.6184055678377),
 (1408.2103562781128, 465.6184055678377),
 (1428.7559717108054, 439.9095396556295),
 (1428.7559717108054, 439.9095396556295),
 (1451.1503357414306, 415.7939729058341),
 (1473.5446997720558, 391.6784061560387),
 (1473.5446997720558, 391.6784061560387),
 (1497.6646516888159, 369.28876525822204),
 (1497.6646516888159, 369.28876525822204),
 (1523.37754068535, 348.74818494870004),
 (1549.090429681884, 328.20760463917804)]

orientations:
[-0.6193897032181166,
 -4.8693897032181175,
 -9.119389703218118,
 -13.369389703218118,
 -17.61938970321812,
 -21.86938970321812,
 -17.61938970321812,
 -13.369389703218118,
 -9.119389703218118,
 -4.8693897032181175,
 -0.6193897032181166,
 3.6306102967818843,
 7.880610296781885,
 12.130610296781885,
 16.380610296781885,
 20.630610296781885,
 -4.619389703218118,
 -8.869389703218118,
 -13.119389703218118,
 -17.36938970321812,
 -21.61938970321812,
 -25.86938970321812,
 -30.11938970321812,
 -25.86938970321812,
 -21.61938970321812,
 -17.36938970321812,
 -13.119389703218118,
 -8.869389703218118,
 -4.6193897032181175,
 -0.3693897032181166,
 3.8806102967818843,
 3.8806102967818843,
 3.8806102967818843,
 3.8806102967818843,
 3.8806102967818843,
 3.8806102967818843,
 3.8806102967818843,
 8.130610296781885,
 8.130610296781885,
 8.130610296781885,
 12.380610296781885,
 12.380610296781885,
 12.380610296781885,
 16.630610296781885,
 16.630610296781885,
 16.630610296781885,
 16.630610296781885,
 16.630610296781885,
 20.880610296781885,
 20.880610296781885,
 25.130610296781885,
 25.130610296781885,
 25.130610296781885,
 25.130610296781885,
 29.380610296781885,
 29.380610296781885,
 29.380610296781885,
 29.380610296781885,
 33.63061029678189,
 33.63061029678189,
 33.63061029678189,
 33.63061029678189,
 37.88061029678189,
 37.88061029678189,
 37.88061029678189,
 37.88061029678189,
 37.88061029678189,
 33.63061029678189,
 33.63061029678189,
 29.38061029678189,
 29.38061029678189,
 25.13061029678189,
 20.88061029678189,
 20.88061029678189,
 16.63061029678189,
 12.380610296781889,
 8.130610296781889,
 3.880610296781888,
 3.880610296781888,
 -0.36938970321811304,
 -4.619389703218114,
 -8.869389703218115,
 -13.119389703218115,
 -13.119389703218115,
 -17.369389703218115,
 -21.619389703218115,
 -25.869389703218115,
 -25.869389703218115,
 -30.119389703218115,
 -34.36938970321812,
 -34.36938970321812,
 -38.61938970321812,
 -42.86938970321812,
 -42.86938970321812,
 -47.11938970321812,
 -47.11938970321812,
 -51.36938970321812,
 -51.36938970321812,
 -51.36938970321812,
 -55.61938970321812,
 -55.61938970321812,
 -55.61938970321812,
 -55.61938970321812,
 -55.61938970321812,
 -55.61938970321812,
 -55.61938970321812,
 -55.61938970321812,
 -55.61938970321812,
 -55.61938970321812,
 -51.36938970321812,
 -51.36938970321812,
 -47.11938970321812,
 -47.11938970321812,
 -47.11938970321812,
 -42.86938970321812,
 -42.86938970321812,
 -38.61938970321812,
 -38.61938970321812,
 -38.61938970321812]