actions:
[('init', None, 100),
 ('turnLeft', 100, 50),
 ('turnLeft', 100, 50),
 ('turnLeft', 100, 50),
 ('turnLeft', 100, 50),
 ('turnLeft', 100, 50),
 ('turnRight', 100, 50),
 ('turnRight', 100, 50),
 ('turnRight', 100, 50),
 ('turnRight', 100, 50),
 ('turnRight', 100, 50),
 ('turnRight', 100, 50),
 ('turnRight', 100, 50),
 ('turnRight', 100, 50),
 ('turnRight', 100, 50),
 ('turnRight', 100, 50),
 ('turnLeft', 100, 200),
 ('turnLeft', 100, 50),
 ('driveForward', 100, 150),
 ('turnLeft', 100, 50),
 ('driveForward', 100, 150),
 ('turnLeft', 100, 50),
 ('turnLeft', 100, 50),
 ('turnLeft', 100, 50),
 ('driveForward', 100, 150),
 ('turnLeft', 100, 50),
 ('turnLeft', 100, 50),
 ('turnLeft', 100, 50),
 ('driveForward', 100, 150),
 ('turnLeft', 100, 50),
 ('turnLeft', 100, 50),
 ('turnLeft', 100, 50),
 ('driveForward', 100, 150),
 ('turnLeft', 100, 50),
 ('turnLeft', 100, 50),
 ('turnLeft', 100, 50),
 ('driveForward', 100, 150),
 ('turnLeft', 100, 50),
 ('turnLeft', 100, 50),
 ('driveForward', 100, 150),
 ('turnLeft', 100, 50),
 ('driveForward', 100, 150),
 ('turnLeft', 100, 50),
 ('driveForward', 100, 150),
 ('turnLeft', 100, 50),
 ('turnLeft', 100, 50),
 ('driveForward', 100, 150),
 ('driveForward', 100, 150),
 ('turnLeft', 100, 50),
 ('driveForward', 100, 150),
 ('turnLeft', 100, 50),
 ('driveForward', 100, 150),
 ('driveForward', 100, 150),
 ('driveForward', 100, 150),
 ('turnLeft', 100, 50),
 ('driveForward', 100, 150),
 ('driveForward', 100, 150),
 ('turnLeft', 100, 50),
 ('driveForward', 100, 150),
 ('driveForward', 100, 150),
 ('driveForward', 100, 150),
 ('driveForward', 100, 150),
 ('driveForward', 100, 150),
 ('driveForward', 100, 150),
 ('turnLeft', 100, 50),
 ('driveForward', 100, 150),
 ('driveForward', 100, 150),
 ('driveForward', 100, 150),
 ('driveForward', 100, 150),
 ('driveForward', 100, 150),
 ('driveForward', 100, 150),
 ('driveForward', 100, 150),
 ('turnRight', 100, 50),
 ('driveForward', 100, 150),
 ('driveForward', 100, 150),
 ('driveForward', 100, 150),
 ('driveForward', 100, 150),
 ('turnRight', 100, 50),
 ('driveForward', 100, 150),
 ('turnRight', 100, 50),
 ('driveForward', 100, 150),
 ('driveForward', 100, 150),
 ('turnRight', 100, 50),
 ('turnRight', 100, 50),
 ('driveForward', 100, 150),
 ('driveForward', 100, 150),
 ('turnRight', 100, 50),
 ('turnRight', 100, 50),
 ('driveForward', 100, 150),
 ('driveForward', 100, 150),
 ('turnRight', 100, 50),
 ('turnRight', 100, 50),
 ('driveForward', 100, 150),
 ('turnRight', 100, 50),
 ('driveForward', 100, 150),
 ('turnRight', 100, 50),
 ('driveForward', 100, 150),
 ('turnRight', 100, 50),
 ('driveForward', 100, 150),
 ('turnRight', 100, 50),
 ('driveForward', 100, 150),
 ('turnRight', 100, 50),
 ('driveForward', 100, 150),
 ('driveForward', 100, 150),
 ('driveForward', 100, 150)]

positions:
[(100, 811),
 (100, 811),
 (100, 811),
 (100, 811),
 (100, 811),
 (100, 811),
 (100, 811),
 (100, 811),
 (100, 811),
 (100, 811),
 (100, 811),
 (100, 811),
 (100, 811),
 (100, 811),
 (100, 811),
 (100, 811),
 (100, 811),
 (100, 811),
 (112.09317524331507, 841.6075678964283),
 (112.09317524331507, 841.6075678964283),
 (126.42137713850902, 871.2347636876361),
 (126.42137713850902, 871.2347636876361),
 (126.42137713850902, 871.2347636876361),
 (126.42137713850902, 871.2347636876361),
 (146.93492494168132, 896.9692241740532),
 (146.93492494168132, 896.9692241740532),
 (146.93492494168132, 896.9692241740532),
 (146.93492494168132, 896.9692241740532),
 (172.62218567890412, 917.5418451985589),
 (172.62218567890412, 917.5418451985589),
 (172.62218567890412, 917.5418451985589),
 (172.62218567890412, 917.5418451985589),
 (202.21638286563203, 931.9380805701089),
 (202.21638286563203, 931.9380805701089),
 (202.21638286563203, 931.9380805701089),
 (202.21638286563203, 931.9380805701089),
 (234.2580680437886, 939.4479747733518),
 (234.2580680437886, 939.4479747733518),
 (234.2580680437886, 939.4479747733518),
 (267.05783601366085, 942.139316654745),
 (267.05783601366085, 942.139316654745),
 (299.9668619762658, 942.3925165611238),
 (299.9668619762658, 942.3925165611238),
 (332.8041584716968, 940.2061819867373),
 (332.8041584716968, 940.2061819867373),
 (332.8041584716968, 940.2061819867373),
 (364.95760478962427, 933.1902009519744),
 (397.1110511075518, 926.1742199172114),
 (397.1110511075518, 926.1742199172114),
 (428.65613763796557, 916.7946881704391),
 (428.65613763796557, 916.7946881704391),
 (459.41937808290686, 905.1031896639719),
 (490.18261852784815, 893.4116911575046),
 (520.9458589727894, 881.7201926510373),
 (520.9458589727894, 881.7201926510373),
 (550.7580668983311, 867.7810262984798),
 (580.5702748238728, 853.8418599459222),
 (580.5702748238728, 853.8418599459222),
 (609.2674941228729, 837.7316860019486),
 (637.9647134218731, 821.6215120579749),
 (666.6619327208732, 805.5113381140012),
 (695.3591520198734, 789.4011641700275),
 (724.0563713188735, 773.2909902260539),
 (752.7535906178737, 757.1808162820802),
 (752.7535906178737, 757.1808162820802),
 (780.177997207869, 738.9882347394123),
 (807.6024037978643, 720.7956531967444),
 (835.0268103878597, 702.6030716540765),
 (862.451216977855, 684.4104901114086),
 (889.8756235678503, 666.2179085687408),
 (917.3000301578456, 648.0253270260729),
 (944.724436747841, 629.832745483405),
 (944.724436747841, 629.832745483405),
 (973.4216560468411, 613.7225715394313),
 (1002.1188753458413, 597.6123975954577),
 (1030.8160946448415, 581.502223651484),
 (1059.5133139438417, 565.3920497075103),
 (1059.5133139438417, 565.3920497075103),
 (1089.3255218693832, 551.4528833549527),
 (1089.3255218693832, 551.4528833549527),
 (1120.0887623143246, 539.7613848484855),
 (1150.852002759266, 528.0698863420182),
 (1150.852002759266, 528.0698863420182),
 (1150.852002759266, 528.0698863420182),
 (1183.0054490771936, 521.0539053072553),
 (1215.1588953951211, 514.0379242724923),
 (1215.1588953951211, 514.0379242724923),
 (1215.1588953951211, 514.0379242724923),
 (1247.9961918905522, 511.85158969810584),
 (1280.8334883859832, 509.66525512371936),
 (1280.8334883859832, 509.66525512371936),
 (1280.8334883859832, 509.66525512371936),
 (1313.6332563558553, 512.3565970051126),
 (1313.6332563558553, 512.3565970051126),
 (1346.1433797516008, 517.4712794775046),
 (1346.1433797516008, 517.4712794775046),
 (1378.1850649297573, 524.9811736807475),
 (1378.1850649297573, 524.9811736807475),
 (1409.582094483644, 534.8449779768785),
 (1409.582094483644, 534.8449779768785),
 (1440.1617963738622, 547.0084450938391),
 (1440.1617963738622, 547.0084450938391),
 (1469.75599356059, 561.4046804653891),
 (1499.3501907473178, 575.8009158369391),
 (1528.9443879340456, 590.1971512084891)]

orientations:
[76.69082130459952,
 72.44082130459952,
 68.19082130459952,
 63.940821304599524,
 59.690821304599524,
 55.440821304599524,
 59.690821304599524,
 63.940821304599524,
 68.19082130459952,
 72.44082130459952,
 76.69082130459952,
 80.94082130459952,
 85.19082130459952,
 89.44082130459952,
 93.69082130459952,
 97.94082130459952,
 72.69082130459952,
 68.44082130459952,
 68.44082130459952,
 64.19082130459952,
 64.19082130459952,
 59.940821304599524,
 55.690821304599524,
 51.440821304599524,
 51.440821304599524,
 47.190821304599524,
 42.940821304599524,
 38.690821304599524,
 38.690821304599524,
 34.440821304599524,
 30.190821304599524,
 25.940821304599524,
 25.940821304599524,
 21.690821304599524,
 17.440821304599524,
 13.190821304599524,
 13.190821304599524,
 8.940821304599524,
 4.690821304599523,
 4.690821304599523,
 0.4408213045995222,
 0.4408213045995222,
 -3.8091786954004787,
 -3.8091786954004787,
 -8.05917869540048,
 -12.30917869540048,
 -12.30917869540048,
 -12.30917869540048,
 -16.55917869540048,
 -16.55917869540048,
 -20.80917869540048,
 -20.80917869540048,
 -20.80917869540048,
 -20.80917869540048,
 -25.05917869540048,
 -25.05917869540048,
 -25.05917869540048,
 -29.30917869540048,
 -29.30917869540048,
 -29.30917869540048,
 -29.30917869540048,
 -29.30917869540048,
 -29.30917869540048,
 -29.30917869540048,
 -33.55917869540048,
 -33.55917869540048,
 -33.55917869540048,
 -33.55917869540048,
 -33.55917869540048,
 -33.55917869540048,
 -33.55917869540048,
 -33.55917869540048,
 -29.309178695400483,
 -29.309178695400483,
 -29.309178695400483,
 -29.309178695400483,
 -29.309178695400483,
 -25.059178695400483,
 -25.059178695400483,
 -20.809178695400483,
 -20.809178695400483,
 -20.809178695400483,
 -16.559178695400483,
 -12.309178695400483,
 -12.309178695400483,
 -12.309178695400483,
 -8.059178695400483,
 -3.8091786954004823,
 -3.8091786954004823,
 -3.8091786954004823,
 0.4408213045995186,
 4.6908213045995195,
 4.6908213045995195,
 8.94082130459952,
 8.94082130459952,
 13.19082130459952,
 13.19082130459952,
 17.44082130459952,
 17.44082130459952,
 21.69082130459952,
 21.69082130459952,
 25.94082130459952,
 25.94082130459952,
 25.94082130459952,
 25.94082130459952]