actions:
[('init', None, 100),
 ('turnLeft', 100, 50),
 ('turnLeft', 100, 50),
 ('turnLeft', 100, 50),
 ('turnLeft', 100, 50),
 ('turnLeft', 100, 50),
 ('turnRight', 100, 50),
 ('turnRight', 100, 50),
 ('turnRight', 100, 50),
 ('turnRight', 100, 50),
 ('turnRight', 100, 50),
 ('turnRight', 100, 50),
 ('turnRight', 100, 50),
 ('turnRight', 100, 50),
 ('turnRight', 100, 50),
 ('turnRight', 100, 50),
 ('turnLeft', 100, 200),
 ('turnLeft', 100, 50),
 ('turnLeft', 100, 50),
 ('turnLeft', 100, 50),
 ('turnLeft', 100, 50),
 ('turnLeft', 100, 50),
 ('driveForward', 100, 150),
 ('turnLeft', 100, 50),
 ('driveForward', 100, 150),
 ('turnLeft', 100, 50),
 ('turnLeft', 100, 50),
 ('driveForward', 100, 150),
 ('turnLeft', 100, 50),
 ('turnLeft', 100, 50),
 ('driveForward', 100, 150),
 ('turnLeft', 100, 50),
 ('driveForward', 100, 150),
 ('turnLeft', 100, 50),
 ('driveForward', 100, 150),
 ('driveForward', 100, 150),
 ('turnLeft', 100, 50),
 ('driveForward', 100, 150),
 ('turnLeft', 100, 50),
 ('driveForward', 100, 150),
 ('turnLeft', 100, 50),
 ('driveForward', 100, 150),
 ('driveForward', 100, 150),
 ('driveForward', 100, 150),
 ('turnLeft', 100, 50),
 ('driveForward', 100, 150),
 ('driveForward', 100, 150),
 ('turnLeft', 100, 50),
 ('driveForward', 100, 150),
 ('driveForward', 100, 150),
 ('driveForward', 100, 150),
 ('turnLeft', 100, 50),
 ('driveForward', 100, 150),
 ('driveForward', 100, 150),
 ('driveForward', 100, 150),
 ('driveForward', 100, 150),
 ('turnLeft', 100, 50),
 ('driveForward', 100, 150),
 ('driveForward', 100, 150),
 ('driveForward', 100, 150),
 ('driveForward', 100, 150),
 ('turnLeft', 100, 50),
 ('driveForward', 100, 150),
 ('driveForward', 100, 150),
 ('driveForward', 100, 150),
 ('driveForward', 100, 150),
 ('turnLeft', 100, 50),
 ('driveForward', 100, 150),
 ('driveForward', 100, 150),
 ('driveForward', 100, 150),
 ('turnLeft', 100, 50),
 ('driveForward', 100, 150),
 ('driveForward', 100, 150),
 ('turnLeft', 100, 50),
 ('driveForward', 100, 150),
 ('driveForward', 100, 150),
 ('driveForward', 100, 150),
 ('driveForward', 100, 150),
 ('turnLeft', 100, 50),
 ('driveForward', 100, 150),
 ('driveForward', 100, 150),
 ('turnLeft', 100, 50),
 ('driveForward', 100, 150),
 ('driveForward', 100, 150),
 ('turnLeft', 100, 50),
 ('driveForward', 100, 150),
 ('driveForward', 100, 150),
 ('turnLeft', 100, 50),
 ('driveForward', 100, 150),
 ('driveForward', 100, 150),
 ('turnLeft', 100, 50),
 ('driveForward', 100, 150),
 ('driveForward', 100, 150)]

positions:
[(100, 174),
 (100, 174),
 (100, 174),
 (100, 174),
 (100, 174),
 (100, 174),
 (100, 174),
 (100, 174),
 (100, 174),
 (100, 174),
 (100, 174),
 (100, 174),
 (100, 174),
 (100, 174),
 (100, 174),
 (100, 174),
 (100, 174),
 (100, 174),
 (100, 174),
 (100, 174),
 (100, 174),
 (100, 174),
 (116.71664913976191, 202.34822289911833),
 (116.71664913976191, 202.34822289911833),
 (135.48817458740893, 229.3796478036316),
 (135.48817458740893, 229.3796478036316),
 (135.48817458740893, 229.3796478036316),
 (158.04901003176414, 253.3395477210504),
 (158.04901003176414, 253.3395477210504),
 (158.04901003176414, 253.3395477210504),
 (183.9035328744473, 273.7015650223193),
 (183.9035328744473, 273.7015650223193),
 (211.1959589245016, 292.09155089241494),
 (211.1959589245016, 292.09155089241494),
 (239.7761899422798, 308.4083672170056),
 (268.356420960058, 324.72518354159627),
 (268.356420960058, 324.72518354159627),
 (298.06727625533443, 338.87909387136534),
 (298.06727625533443, 338.87909387136534),
 (328.74535712291316, 350.7922569392622),
 (328.74535712291316, 350.7922569392622),
 (360.22194547501647, 360.39915475865405),
 (391.6985338271198, 370.0060525780459),
 (423.1751221792231, 379.61295039743777),
 (423.1751221792231, 379.61295039743777),
 (455.277108432515, 386.86074858678165),
 (487.3790946858069, 394.10854677612554),
 (487.3790946858069, 394.10854677612554),
 (519.9299298000166, 398.95738512850755),
 (552.4807649142263, 403.80622348088957),
 (585.031600028436, 408.6550618332716),
 (585.031600028436, 408.6550618332716),
 (617.852266460721, 411.07827353278856),
 (650.6729328930061, 413.5014852323055),
 (683.4935993252911, 415.9246969318225),
 (716.3142657575762, 418.34790863133946),
 (716.3142657575762, 418.34790863133946),
 (749.224261992736, 418.33216691071453),
 (782.1342582278959, 418.3164251900896),
 (815.0442544630557, 418.3006834694647),
 (847.9542506982156, 418.28494174883974),
 (847.9542506982156, 418.28494174883974),
 (880.7725839402035, 415.8303331817088),
 (913.5909171821913, 413.37572461457785),
 (946.4092504241792, 410.9211160474469),
 (979.227583666167, 408.46650748031595),
 (979.227583666167, 408.46650748031595),
 (1011.7737652314653, 403.58653150510463),
 (1044.3199467967636, 398.7065555298933),
 (1076.8661283620618, 393.826579554682),
 (1076.8661283620618, 393.826579554682),
 (1108.9611663006242, 386.5480742326918),
 (1141.0562042391866, 379.26956891070165),
 (1141.0562042391866, 379.26956891070165),
 (1172.523587723901, 369.63256332670846),
 (1203.9909712086155, 359.9955577427153),
 (1235.45835469333, 350.3585521587221),
 (1266.9257381780444, 340.7215465747289),
 (1266.9257381780444, 340.7215465747289),
 (1297.592408248938, 328.77904069183506),
 (1328.2590783198316, 316.8365348089412),
 (1328.2590783198316, 316.8365348089412),
 (1357.9563796442842, 302.6542079883993),
 (1387.6536809687368, 288.4718811678574),
 (1387.6536809687368, 288.4718811678574),
 (1416.2182893833744, 272.12773095689755),
 (1444.782897798012, 255.7835807459377),
 (1444.782897798012, 255.7835807459377),
 (1472.0577185311427, 237.36749392013263),
 (1499.3325392642732, 218.95140709432755),
 (1499.3325392642732, 218.95140709432755),
 (1525.167570898975, 198.56466531360275),
 (1551.002602533677, 178.17792353287794)]

orientations:
[84.7225939170928,
 80.4725939170928,
 76.2225939170928,
 71.9725939170928,
 67.7225939170928,
 63.472593917092794,
 67.7225939170928,
 71.9725939170928,
 76.2225939170928,
 80.4725939170928,
 84.7225939170928,
 88.9725939170928,
 93.2225939170928,
 97.4725939170928,
 101.7225939170928,
 105.9725939170928,
 80.7225939170928,
 76.4725939170928,
 72.2225939170928,
 67.9725939170928,
 63.722593917092794,
 59.472593917092794,
 59.472593917092794,
 55.222593917092794,
 55.222593917092794,
 50.972593917092794,
 46.722593917092794,
 46.722593917092794,
 42.472593917092794,
 38.222593917092794,
 38.222593917092794,
 33.972593917092794,
 33.972593917092794,
 29.722593917092794,
 29.722593917092794,
 29.722593917092794,
 25.472593917092794,
 25.472593917092794,
 21.222593917092794,
 21.222593917092794,
 16.972593917092794,
 16.972593917092794,
 16.972593917092794,
 16.972593917092794,
 12.722593917092794,
 12.722593917092794,
 12.722593917092794,
 8.472593917092794,
 8.472593917092794,
 8.472593917092794,
 8.472593917092794,
 4.2225939170927935,
 4.2225939170927935,
 4.2225939170927935,
 4.2225939170927935,
 4.2225939170927935,
 -0.027406082907207363,
 -0.027406082907207363,
 -0.027406082907207363,
 -0.027406082907207363,
 -0.027406082907207363,
 -4.277406082907208,
 -4.277406082907208,
 -4.277406082907208,
 -4.277406082907208,
 -4.277406082907208,
 -8.52740608290721,
 -8.52740608290721,
 -8.52740608290721,
 -8.52740608290721,
 -12.77740608290721,
 -12.77740608290721,
 -12.77740608290721,
 -17.02740608290721,
 -17.02740608290721,
 -17.02740608290721,
 -17.02740608290721,
 -17.02740608290721,
 -21.27740608290721,
 -21.27740608290721,
 -21.27740608290721,
 -25.52740608290721,
 -25.52740608290721,
 -25.52740608290721,
 -29.77740608290721,
 -29.77740608290721,
 -29.77740608290721,
 -34.02740608290721,
 -34.02740608290721,
 -34.02740608290721,
 -38.27740608290721,
 -38.27740608290721,
 -38.27740608290721]