actions:
[('init', None, 100),
 ('driveForward', 100, 150),
 ('driveForward', 100, 150),
 ('driveForward', 100, 150),
 ('driveForward', 100, 150),
 ('turnLeft', 100, 50),
 ('turnLeft', 100, 50),
 ('driveForward', 100, 150),
 ('driveForward', 100, 150),
 ('driveForward', 100, 150),
 ('driveForward', 100, 150),
 ('driveForward', 100, 150),
 ('driveForward', 100, 150),
 ('driveForward', 100, 150),
 ('driveForward', 100, 150),
 ('driveForward', 100, 150),
 ('driveForward', 100, 150),
 ('driveForward', 100, 150),
 ('driveForward', 100, 150),
 ('driveForward', 100, 150),
 ('driveForward', 100, 150),
 ('driveForward', 100, 150),
 ('driveForward', 100, 150),
 ('driveForward', 100, 150),
 ('driveForward', 100, 150),
 ('driveForward', 100, 150),
 ('driveForward', 100, 150),
 ('driveForward', 100, 150),
 ('driveForward', 100, 150),
 ('driveForward', 100, 150),
 ('driveForward', 100, 150),
 ('turnLeft', 100, 50),
 ('driveForward', 100, 150),
 ('driveForward', 100, 150),
 ('driveForward', 100, 150),
 ('driveForward', 100, 150),
 ('driveForward', 100, 150),
 ('driveForward', 100, 150),
 ('driveForward', 100, 150),
 ('turnRight', 100, 50),
 ('driveForward', 100, 150),
 ('driveForward', 100, 150),
 ('driveForward', 100, 150),
 ('driveForward', 100, 150),
 ('driveForward', 100, 150),
 ('driveForward', 100, 150),
 ('driveForward', 100, 150),
 ('driveForward', 100, 150)]

positions:
[(100, 480),
 (132.5235116935613, 485.02884550555905),
 (165.04702338712258, 490.0576910111181),
 (197.57053508068387, 495.08653651667714),
 (230.09404677424516, 500.1153820222362),
 (230.09404677424516, 500.1153820222362),
 (230.09404677424516, 500.1153820222362),
 (263.00362646425253, 500.28170889033805),
 (295.9132061542599, 500.4480357584399),
 (328.8227858442673, 500.6143626265418),
 (361.73236553427466, 500.78068949464364),
 (394.64194522428204, 500.9470163627455),
 (427.5515249142894, 501.11334323084736),
 (460.4611046042968, 501.2796700989492),
 (493.37068429430417, 501.4459969670511),
 (526.2802639843115, 501.61232383515295),
 (559.1898436743189, 501.7786507032548),
 (592.0994233643263, 501.9449775713567),
 (625.0090030543337, 502.11130443945854),
 (657.918582744341, 502.2776313075604),
 (690.8281624343484, 502.44395817566226),
 (723.7377421243558, 502.6102850437641),
 (756.6473218143632, 502.776611911866),
 (789.5569015043706, 502.94293877996785),
 (822.4664811943779, 503.1092656480697),
 (855.3760608843853, 503.27559251617157),
 (888.2856405743927, 503.44191938427343),
 (921.1952202644001, 503.6082462523753),
 (954.1047999544074, 503.77457312047716),
 (987.0143796444148, 503.940899988579),
 (1019.9239593344222, 504.1072268566809),
 (1019.9239593344222, 504.1072268566809),
 (1052.7553700049023, 501.83421709289087),
 (1085.5867806753824, 499.56120732910085),
 (1118.4181913458626, 497.28819756531084),
 (1151.2496020163428, 495.0151878015208),
 (1184.081012686823, 492.7421780377308),
 (1216.9124233573032, 490.4691682739408),
 (1249.7438340277834, 488.1961585101508),
 (1249.7438340277834, 488.1961585101508),
 (1282.6534137177907, 488.36248537825264),
 (1315.562993407798, 488.5288122463545),
 (1348.4725730978055, 488.69513911445637),
 (1381.3821527878129, 488.86146598255823),
 (1414.2917324778202, 489.0277928506601),
 (1447.2013121678276, 489.19411971876195),
 (1480.110891857835, 489.3604465868638),
 (1513.0204715478424, 489.5267734549657)]

orientations:
[8.789573629052924,
 8.789573629052924,
 8.789573629052924,
 8.789573629052924,
 8.789573629052924,
 4.539573629052923,
 0.2895736290529225,
 0.2895736290529225,
 0.2895736290529225,
 0.2895736290529225,
 0.2895736290529225,
 0.2895736290529225,
 0.2895736290529225,
 0.2895736290529225,
 0.2895736290529225,
 0.2895736290529225,
 0.2895736290529225,
 0.2895736290529225,
 0.2895736290529225,
 0.2895736290529225,
 0.2895736290529225,
 0.2895736290529225,
 0.2895736290529225,
 0.2895736290529225,
 0.2895736290529225,
 0.2895736290529225,
 0.2895736290529225,
 0.2895736290529225,
 0.2895736290529225,
 0.2895736290529225,
 0.2895736290529225,
 -3.9604263709470784,
 -3.9604263709470784,
 -3.9604263709470784,
 -3.9604263709470784,
 -3.9604263709470784,
 -3.9604263709470784,
 -3.9604263709470784,
 -3.9604263709470784,
 0.2895736290529225,
 0.2895736290529225,
 0.2895736290529225,
 0.2895736290529225,
 0.2895736290529225,
 0.2895736290529225,
 0.2895736290529225,
 0.2895736290529225,
 0.2895736290529225]