actions:
[('init', None, 100),
 ('turnLeft', 100, 50),
 ('turnLeft', 100, 50),
 ('turnLeft', 100, 50),
 ('driveForward', 100, 150),
 ('turnLeft', 100, 50),
 ('turnLeft', 100, 50),
 ('driveForward', 100, 150),
 ('turnLeft', 100, 50),
 ('turnLeft', 100, 50),
 ('driveForward', 100, 150),
 ('turnLeft', 100, 50),
 ('turnLeft', 100, 50),
 ('driveForward', 100, 150),
 ('turnLeft', 100, 50),
 ('turnLeft', 100, 50),
 ('driveForward', 100, 150),
 ('turnLeft', 100, 50),
 ('driveForward', 100, 150),
 ('turnLeft', 100, 50),
 ('driveForward', 100, 150),
 ('turnLeft', 100, 50),
 ('driveForward', 100, 150),
 ('turnLeft', 100, 50),
 ('driveForward', 100, 150),
 ('driveForward', 100, 150),
 ('turnLeft', 100, 50),
 ('driveForward', 100, 150),
 ('driveForward', 100, 150),
 ('turnLeft', 100, 50),
 ('driveForward', 100, 150),
 ('driveForward', 100, 150),
 ('driveForward', 100, 150),
 ('driveForward', 100, 150),
 ('driveForward', 100, 150),
 ('driveForward', 100, 150),
 ('turnLeft', 100, 50),
 ('driveForward', 100, 150),
 ('driveForward', 100, 150),
 ('driveForward', 100, 150),
 ('driveForward', 100, 150),
 ('driveForward', 100, 150),
 ('driveForward', 100, 150),
 ('driveForward', 100, 150),
 ('driveForward', 100, 150),
 ('turnLeft', 100, 50),
 ('driveForward', 100, 150),
 ('driveForward', 100, 150),
 ('driveForward', 100, 150),
 ('driveForward', 100, 150),
 ('driveForward', 100, 150),
 ('driveForward', 100, 150),
 ('turnLeft', 100, 50),
 ('driveForward', 100, 150),
 ('driveForward', 100, 150),
 ('driveForward', 100, 150),
 ('turnLeft', 100, 50),
 ('driveForward', 100, 150),
 ('driveForward', 100, 150),
 ('driveForward', 100, 150),
 ('driveForward', 100, 150),
 ('turnLeft', 100, 50),
 ('driveForward', 100, 150),
 ('turnLeft', 100, 50),
 ('driveForward', 100, 150),
 ('driveForward', 100, 150),
 ('turnLeft', 100, 50),
 ('driveForward', 100, 150),
 ('driveForward', 100, 150),
 ('turnLeft', 100, 50),
 ('turnLeft', 100, 50),
 ('driveForward', 100, 150),
 ('driveForward', 100, 150),
 ('turnLeft', 100, 50),
 ('turnLeft', 100, 50),
 ('driveForward', 100, 150)]

positions:
[(100, 728),
 (100, 728),
 (100, 728),
 (100, 728),
 (111.71155452463832, 758.755610717663),
 (111.71155452463832, 758.755610717663),
 (111.71155452463832, 758.755610717663),
 (127.84043644324295, 787.4423196271163),
 (127.84043644324295, 787.4423196271163),
 (127.84043644324295, 787.4423196271163),
 (148.03232207018698, 813.4299292676433),
 (148.03232207018698, 813.4299292676433),
 (148.03232207018698, 813.4299292676433),
 (171.84363054405657, 836.1475367288665),
 (171.84363054405657, 836.1475367288665),
 (171.84363054405657, 836.1475367288665),
 (198.75126853323468, 855.0960754018971),
 (198.75126853323468, 855.0960754018971),
 (226.98916309099997, 871.9984246748393),
 (226.98916309099997, 871.9984246748393),
 (256.4020162509242, 886.7616278839242),
 (256.4020162509242, 886.7616278839242),
 (286.82806820923577, 899.3044928768245),
 (286.82806820923577, 899.3044928768245),
 (318.0999869438571, 909.558038539435),
 (349.37190567847847, 919.8115842020454),
 (349.37190567847847, 919.8115842020454),
 (381.31770721320134, 927.7194198290737),
 (413.2635087479242, 935.6272554561019),
 (413.2635087479242, 935.6272554561019),
 (445.7075030006105, 941.145890879072),
 (478.1514972532967, 946.6645263020421),
 (510.595491505983, 952.1831617250122),
 (543.0394857586692, 957.7017971479822),
 (575.4834800113555, 963.2204325709523),
 (607.9274742640417, 968.7390679939224),
 (607.9274742640417, 968.7390679939224),
 (640.691231277035, 971.8381527610011),
 (673.4549882900282, 974.9372375280798),
 (706.2187453030214, 978.0363222951585),
 (738.9825023160146, 981.1354070622372),
 (771.7462593290078, 984.2344918293159),
 (804.510016342001, 987.3335765963946),
 (837.2737733549942, 990.4326613634732),
 (870.0375303679874, 993.5317461305519),
 (870.0375303679874, 993.5317461305519),
 (902.9408616068253, 994.1942364227983),
 (935.8441928456631, 994.8567267150447),
 (968.7475240845009, 995.5192170072911),
 (1001.6508553233388, 996.1817072995375),
 (1034.5541865621765, 996.8441975917839),
 (1067.4575178010143, 997.5066878840303),
 (1067.4575178010143, 997.5066878840303),
 (1100.3194671246624, 995.7289402500902),
 (1133.1814164483105, 993.9511926161501),
 (1166.0433657719586, 992.1734449822101),
 (1166.0433657719586, 992.1734449822101),
 (1198.683204624597, 987.9652363759499),
 (1231.3230434772354, 983.7570277696897),
 (1263.9628823298738, 979.5488191634295),
 (1296.6027211825121, 975.3406105571693),
 (1296.6027211825121, 975.3406105571693),
 (1328.8409425336858, 968.7250845680488),
 (1328.8409425336858, 968.7250845680488),
 (1360.50024810052, 959.7386241399474),
 (1392.159553667354, 950.7521637118462),
 (1392.159553667354, 950.7521637118462),
 (1423.0658289894732, 939.44419105034),
 (1453.9721043115924, 928.1362183888339),
 (1453.9721043115924, 928.1362183888339),
 (1453.9721043115924, 928.1362183888339),
 (1482.8674761024322, 912.3842156885694),
 (1511.762847893272, 896.6322129883049),
 (1511.762847893272, 896.6322129883049),
 (1511.762847893272, 896.6322129883049),
 (1538.012534728915, 876.7822245492484)]

orientations:
[81.90346283211154,
 77.65346283211154,
 73.40346283211154,
 69.15346283211154,
 69.15346283211154,
 64.90346283211154,
 60.65346283211154,
 60.65346283211154,
 56.40346283211154,
 52.15346283211154,
 52.15346283211154,
 47.90346283211154,
 43.65346283211154,
 43.65346283211154,
 39.40346283211154,
 35.15346283211154,
 35.15346283211154,
 30.903462832111543,
 30.903462832111543,
 26.653462832111543,
 26.653462832111543,
 22.403462832111543,
 22.403462832111543,
 18.153462832111543,
 18.153462832111543,
 18.153462832111543,
 13.903462832111543,
 13.903462832111543,
 13.903462832111543,
 9.653462832111543,
 9.653462832111543,
 9.653462832111543,
 9.653462832111543,
 9.653462832111543,
 9.653462832111543,
 9.653462832111543,
 5.4034628321115425,
 5.4034628321115425,
 5.4034628321115425,
 5.4034628321115425,
 5.4034628321115425,
 5.4034628321115425,
 5.4034628321115425,
 5.4034628321115425,
 5.4034628321115425,
 1.1534628321115417,
 1.1534628321115417,
 1.1534628321115417,
 1.1534628321115417,
 1.1534628321115417,
 1.1534628321115417,
 1.1534628321115417,
 -3.0965371678884592,
 -3.0965371678884592,
 -3.0965371678884592,
 -3.0965371678884592,
 -7.34653716788846,
 -7.34653716788846,
 -7.34653716788846,
 -7.34653716788846,
 -7.34653716788846,
 -11.59653716788846,
 -11.59653716788846,
 -15.84653716788846,
 -15.84653716788846,
 -15.84653716788846,
 -20.09653716788846,
 -20.09653716788846,
 -20.09653716788846,
 -24.34653716788846,
 -28.59653716788846,
 -28.59653716788846,
 -28.59653716788846,
 -32.846537167888464,
 -37.096537167888464,
 -37.096537167888464]