actions:
[('init', None, 100),
 ('driveForward', 100, 150),
 ('driveForward', 100, 150),
 ('driveForward', 100, 150),
 ('driveForward', 100, 150),
 ('driveForward', 100, 150),
 ('driveForward', 100, 150),
 ('driveForward', 100, 150),
 ('driveForward', 100, 150),
 ('driveForward', 100, 150),
 ('driveForward', 100, 150),
 ('driveForward', 100, 150),
 ('driveForward', 100, 150),
 ('driveForward', 100, 150),
 ('driveForward', 100, 150),
 ('driveForward', 100, 150),
 ('driveForward', 100, 150),
 ('driveForward', 100, 150),
 ('driveForward', 100, 150),
 ('driveForward', 100, 150),
 ('driveForward', 100, 150),
 ('turnRight', 100, 50),
 ('driveForward', 100, 150),
 ('driveForward', 100, 150),
 ('driveForward', 100, 150),
 ('driveForward', 100, 150),
 ('turnRight', 100, 50),
 ('driveForward', 100, 150),
 ('turnRight', 100, 50),
 ('driveForward', 100, 150),
 ('turnRight', 100, 50),
 ('driveForward', 100, 150),
 ('turnRight', 100, 50),
 ('turnRight', 100, 50),
 ('turnLeft', 100, 50),
 ('turnRight', 100, 50),
 ('driveForward', 100, 150),
 ('turnRight', 100, 50),
 ('turnRight', 100, 50),
 ('turnRight', 100, 50),
 ('turnRight', 100, 50),
 ('driveForward', 100, 150),
 ('turnRight', 100, 50),
 ('turnRight', 100, 50),
 ('turnRight', 100, 50),
 ('turnRight', 100, 50),
 ('driveForward', 100, 150),
 ('turnRight', 100, 50),
 ('turnRight', 100, 50),
 ('driveForward', 100, 150),
 ('turnRight', 100, 50),
 ('turnRight', 100, 50),
 ('turnRight', 100, 50),
 ('turnRight', 100, 50),
 ('driveForward', 100, 150),
 ('turnRight', 100, 50),
 ('turnRight', 100, 50),
 ('driveForward', 100, 150),
 ('driveForward', 100, 150),
 ('turnRight', 100, 50),
 ('driveForward', 100, 150),
 ('turnRight', 100, 50),
 ('driveForward', 100, 150),
 ('turnRight', 100, 50),
 ('driveForward', 100, 150),
 ('driveForward', 100, 150),
 ('driveForward', 100, 150),
 ('driveForward', 100, 150),
 ('driveForward', 100, 150),
 ('turnLeft', 100, 50),
 ('driveForward', 100, 150),
 ('turnLeft', 100, 50),
 ('driveForward', 100, 150),
 ('driveForward', 100, 150),
 ('turnLeft', 100, 50),
 ('driveForward', 100, 150),
 ('turnLeft', 100, 50),
 ('driveForward', 100, 150),
 ('driveForward', 100, 150),
 ('driveForward', 100, 150),
 ('turnLeft', 100, 50),
 ('driveForward', 100, 150),
 ('turnLeft', 100, 50),
 ('driveForward', 100, 150),
 ('driveForward', 100, 150),
 ('driveForward', 100, 150),
 ('turnLeft', 100, 50),
 ('driveForward', 100, 150),
 ('turnLeft', 100, 50),
 ('driveForward', 100, 150),
 ('driveForward', 100, 150),
 ('driveForward', 100, 150),
 ('driveForward', 100, 150),
 ('turnLeft', 100, 50),
 ('driveForward', 100, 150),
 ('driveForward', 100, 150),
 ('driveForward', 100, 150)]

positions:
[(100, 1206),
 (118.2198356772375, 1178.5936925527267),
 (136.439671354475, 1151.1873851054534),
 (154.6595070317125, 1123.78107765818),
 (172.87934270895002, 1096.3747702109067),
 (191.09917838618753, 1068.9684627636334),
 (209.31901406342504, 1041.56215531636),
 (227.53884974066256, 1014.1558478690869),
 (245.75868541790007, 986.7495404218137),
 (263.9785210951376, 959.3432329745405),
 (282.19835677237506, 931.9369255272672),
 (300.41819244961255, 904.530618079994),
 (318.63802812685003, 877.1243106327208),
 (336.8578638040875, 849.7180031854476),
 (355.077699481325, 822.3116957381744),
 (373.2975351585625, 794.9053882909012),
 (391.51737083579997, 767.499080843628),
 (409.73720651303745, 740.0927733963548),
 (427.95704219027493, 712.6864659490816),
 (446.1768778675124, 685.2801585018084),
 (464.3967135447499, 657.8738510545352),
 (464.3967135447499, 657.8738510545352),
 (484.59748811310556, 631.8931503934969),
 (504.7982626814612, 605.9124497324585),
 (524.9990372498169, 579.9317490714202),
 (545.1998118181725, 553.9510484103819),
 (545.1998118181725, 553.9510484103819),
 (567.2704284958263, 529.5388387711855),
 (567.2704284958263, 529.5388387711855),
 (591.0895070615708, 506.8293782694719),
 (591.0895070615708, 506.8293782694719),
 (616.5260514010927, 485.9475605309814),
 (616.5260514010927, 485.9475605309814),
 (616.5260514010927, 485.9475605309814),
 (616.5260514010927, 485.9475605309814),
 (616.5260514010927, 485.9475605309814),
 (644.7697264452307, 469.054872171779),
 (644.7697264452307, 469.054872171779),
 (644.7697264452307, 469.054872171779),
 (644.7697264452307, 469.054872171779),
 (644.7697264452307, 469.054872171779),
 (676.7182313087444, 461.157965373162),
 (676.7182313087444, 461.157965373162),
 (676.7182313087444, 461.157965373162),
 (676.7182313087444, 461.157965373162),
 (676.7182313087444, 461.157965373162),
 (709.5795705583789, 462.94695467453596),
 (709.5795705583789, 462.94695467453596),
 (709.5795705583789, 462.94695467453596),
 (741.8155269124318, 469.5735086763983),
 (741.8155269124318, 469.5735086763983),
 (741.8155269124318, 469.5735086763983),
 (741.8155269124318, 469.5735086763983),
 (741.8155269124318, 469.5735086763983),
 (770.7055083968676, 485.3353952966274),
 (770.7055083968676, 485.3353952966274),
 (770.7055083968676, 485.3353952966274),
 (796.948403197579, 505.1943623513057),
 (823.1912979982903, 525.053329405984),
 (823.1912979982903, 525.053329405984),
 (847.8903116305837, 546.8025092891838),
 (847.8903116305837, 546.8025092891838),
 (870.9096086630309, 570.3222895630718),
 (870.9096086630309, 570.3222895630718),
 (892.1225914836734, 595.4833201431398),
 (913.335574304316, 620.6443507232079),
 (934.5485571249585, 645.805381303276),
 (955.761539945601, 670.9664118833441),
 (976.9745227662436, 696.1274424634122),
 (976.9745227662436, 696.1274424634122),
 (999.9938197986908, 719.6472227373001),
 (999.9938197986908, 719.6472227373001),
 (1024.6928334309841, 741.3964026205),
 (1049.3918470632775, 763.1455825036999),
 (1049.3918470632775, 763.1455825036999),
 (1075.634741863989, 783.0045495583781),
 (1075.634741863989, 783.0045495583781),
 (1103.277191626807, 800.8640868175032),
 (1130.9196413896252, 818.7236240766283),
 (1158.5620911524434, 836.5831613357534),
 (1158.5620911524434, 836.5831613357534),
 (1187.4520726368792, 852.3450479559824),
 (1187.4520726368792, 852.3450479559824),
 (1217.4307016398097, 865.9225993959384),
 (1247.4093306427403, 879.5001508358944),
 (1277.387959645671, 893.0777022758504),
 (1277.387959645671, 893.0777022758504),
 (1308.2903648056376, 904.396247029009),
 (1308.2903648056376, 904.396247029009),
 (1339.9465943342996, 913.3935372893417),
 (1371.6028238629615, 922.3908275496743),
 (1403.2590533916234, 931.388117810007),
 (1434.9152829202853, 940.3854080703396),
 (1434.9152829202853, 940.3854080703396),
 (1467.1512392743382, 947.011962072202),
 (1499.387195628391, 953.6385160740643),
 (1531.623151982444, 960.2650700759267)]

orientations:
[-56.38386247107215,
 -56.38386247107215,
 -56.38386247107215,
 -56.38386247107215,
 -56.38386247107215,
 -56.38386247107215,
 -56.38386247107215,
 -56.38386247107215,
 -56.38386247107215,
 -56.38386247107215,
 -56.38386247107215,
 -56.38386247107215,
 -56.38386247107215,
 -56.38386247107215,
 -56.38386247107215,
 -56.38386247107215,
 -56.38386247107215,
 -56.38386247107215,
 -56.38386247107215,
 -56.38386247107215,
 -56.38386247107215,
 -52.13386247107215,
 -52.13386247107215,
 -52.13386247107215,
 -52.13386247107215,
 -52.13386247107215,
 -47.88386247107215,
 -47.88386247107215,
 -43.63386247107215,
 -43.63386247107215,
 -39.38386247107215,
 -39.38386247107215,
 -35.13386247107215,
 -30.88386247107215,
 -35.13386247107215,
 -30.88386247107215,
 -30.88386247107215,
 -26.63386247107215,
 -22.38386247107215,
 -18.13386247107215,
 -13.883862471072149,
 -13.883862471072149,
 -9.633862471072149,
 -5.383862471072148,
 -1.1338624710721472,
 3.1161375289278537,
 3.1161375289278537,
 7.366137528927855,
 11.616137528927855,
 11.616137528927855,
 15.866137528927855,
 20.116137528927855,
 24.366137528927855,
 28.616137528927855,
 28.616137528927855,
 32.86613752892786,
 37.11613752892786,
 37.11613752892786,
 37.11613752892786,
 41.36613752892786,
 41.36613752892786,
 45.61613752892786,
 45.61613752892786,
 49.86613752892786,
 49.86613752892786,
 49.86613752892786,
 49.86613752892786,
 49.86613752892786,
 49.86613752892786,
 45.61613752892786,
 45.61613752892786,
 41.36613752892786,
 41.36613752892786,
 41.36613752892786,
 37.11613752892786,
 37.11613752892786,
 32.86613752892786,
 32.86613752892786,
 32.86613752892786,
 32.86613752892786,
 28.616137528927858,
 28.616137528927858,
 24.366137528927858,
 24.366137528927858,
 24.366137528927858,
 24.366137528927858,
 20.116137528927858,
 20.116137528927858,
 15.866137528927858,
 15.866137528927858,
 15.866137528927858,
 15.866137528927858,
 15.866137528927858,
 11.616137528927858,
 11.616137528927858,
 11.616137528927858,
 11.616137528927858]