actions:
[('init', None, 100),
 ('driveForward', 100, 150),
 ('driveForward', 100, 150),
 ('driveForward', 100, 150),
 ('driveForward', 100, 150),
 ('driveForward', 100, 150),
 ('driveForward', 100, 150),
 ('turnLeft', 100, 50),
 ('driveForward', 100, 150),
 ('turnLeft', 100, 50),
 ('driveForward', 100, 150),
 ('driveForward', 100, 150),
 ('driveForward', 100, 150),
 ('driveForward', 100, 150),
 ('turnLeft', 100, 50),
 ('driveForward', 100, 150),
 ('turnLeft', 100, 50),
 ('driveForward', 100, 150),
 ('driveForward', 100, 150),
 ('turnLeft', 100, 50),
 ('driveForward', 100, 150),
 ('turnLeft', 100, 50),
 ('driveForward', 100, 150),
 ('turnLeft', 100, 50),
 ('driveForward', 100, 150),
 ('turnLeft', 100, 50),
 ('driveForward', 100, 150),
 ('driveForward', 100, 150),
 ('turnLeft', 100, 50),
 ('turnLeft', 100, 50),
 ('turnLeft', 100, 50),
 ('turnLeft', 100, 50),
 ('driveForward', 100, 150),
 ('driveForward', 100, 150),
 ('turnRight', 100, 50),
 ('driveForward', 100, 150),
 ('driveForward', 100, 150),
 ('turnLeft', 100, 50),
 ('turnLeft', 100, 50),
 ('turnLeft', 100, 50),
 ('turnLeft', 100, 50),
 ('turnLeft', 100, 50),
 ('driveForward', 100, 150),
 ('driveForward', 100, 150),
 ('driveForward', 100, 150),
 ('turnLeft', 100, 50),
 ('driveForward', 100, 150),
 ('turnLeft', 100, 50),
 ('driveForward', 100, 150),
 ('turnLeft', 100, 50),
 ('driveForward', 100, 150),
 ('driveForward', 100, 150),
 ('driveForward', 100, 150),
 ('driveForward', 100, 150),
 ('turnLeft', 100, 50),
 ('driveForward', 100, 150),
 ('driveForward', 100, 150),
 ('driveForward', 100, 150),
 ('driveForward', 100, 150),
 ('driveForward', 100, 150),
 ('driveForward', 100, 150),
 ('driveForward', 100, 150),
 ('driveForward', 100, 150),
 ('turnRight', 100, 50),
 ('turnRight', 100, 50),
 ('driveForward', 100, 150),
 ('turnRight', 100, 50),
 ('driveForward', 100, 150),
 ('turnRight', 100, 50),
 ('driveForward', 100, 150),
 ('turnRight', 100, 50),
 ('driveForward', 100, 150),
 ('turnRight', 100, 50),
 ('driveForward', 100, 150),
 ('turnRight', 100, 50),
 ('turnRight', 100, 50),
 ('driveForward', 100, 150),
 ('turnRight', 100, 50),
 ('turnRight', 100, 50),
 ('turnRight', 100, 50),
 ('driveForward', 100, 150),
 ('turnRight', 100, 50),
 ('driveForward', 100, 150),
 ('turnRight', 100, 50),
 ('turnRight', 100, 50),
 ('turnRight', 100, 50),
 ('driveForward', 100, 150),
 ('turnRight', 100, 50),
 ('driveForward', 100, 150),
 ('turnRight', 100, 50),
 ('turnRight', 100, 50),
 ('driveForward', 100, 150),
 ('turnRight', 100, 50),
 ('turnRight', 100, 50),
 ('driveForward', 100, 150),
 ('turnRight', 100, 50),
 ('driveForward', 100, 150),
 ('driveForward', 100, 150),
 ('turnRight', 100, 50),
 ('driveForward', 100, 150),
 ('turnRight', 100, 50),
 ('driveForward', 100, 150),
 ('turnRight', 100, 50),
 ('driveForward', 100, 150),
 ('driveForward', 100, 150),
 ('driveForward', 100, 150),
 ('driveForward', 100, 150),
 ('turnRight', 100, 50),
 ('turnRight', 100, 50),
 ('turnLeft', 100, 50),
 ('turnLeft', 100, 50),
 ('turnLeft', 100, 50)]

positions:
[(100, 159),
 (116.6179433164655, 187.40619756198882),
 (133.235886632931, 215.81239512397764),
 (149.8538299493965, 244.21859268596646),
 (166.471773265862, 272.6247902479553),
 (183.0897165823275, 301.0309878099441),
 (199.707659898793, 329.43718537193297),
 (199.707659898793, 329.43718537193297),
 (218.3850473606222, 356.5337404592629),
 (218.3850473606222, 356.5337404592629),
 (239.01916025112467, 382.17163205007046),
 (259.65327314162715, 407.809523640878),
 (280.28738603212963, 433.44741523168557),
 (300.9214989226321, 459.0853068224931),
 (300.9214989226321, 459.0853068224931),
 (323.39885725963745, 483.1235360041499),
 (323.39885725963745, 483.1235360041499),
 (347.59584389338704, 505.4299014150846),
 (371.79283052713663, 527.7362668260192),
 (371.79283052713663, 527.7362668260192),
 (397.5763709888445, 548.1880917142652),
 (397.5763709888445, 548.1880917142652),
 (424.8046653510113, 566.6728986141816),
 (424.8046653510113, 566.6728986141816),
 (453.3279680745317, 583.0890279308753),
 (453.3279680745317, 583.0890279308753),
 (482.98941155372376, 597.3461970303389),
 (512.6508550329157, 611.6033661298025),
 (512.6508550329157, 611.6033661298025),
 (512.6508550329157, 611.6033661298025),
 (512.6508550329157, 611.6033661298025),
 (512.6508550329157, 611.6033661298025),
 (545.1846273349263, 616.5653979516402),
 (577.7183996369369, 621.5274297734779),
 (577.7183996369369, 621.5274297734779),
 (609.7949814004835, 628.8868456719381),
 (641.8715631640301, 636.2462615703982),
 (641.8715631640301, 636.2462615703982),
 (641.8715631640301, 636.2462615703982),
 (641.8715631640301, 636.2462615703982),
 (641.8715631640301, 636.2462615703982),
 (641.8715631640301, 636.2462615703982),
 (674.4345220485004, 631.4795217318614),
 (706.9974809329708, 626.7127818933245),
 (739.5604398174412, 621.9460420547877),
 (739.5604398174412, 621.9460420547877),
 (771.680600699778, 614.7792181492628),
 (771.680600699778, 614.7792181492628),
 (803.1813145859788, 605.2517250550793),
 (803.1813145859788, 605.2517250550793),
 (833.8893392112016, 593.4159604571872),
 (864.5973638364243, 581.5801958592951),
 (895.305388461647, 569.7444312614031),
 (926.0134130868697, 557.908666663511),
 (926.0134130868697, 557.908666663511),
 (955.7598656837547, 543.8297228856107),
 (985.5063182806397, 529.7507791077105),
 (1015.2527708775247, 515.6718353298103),
 (1044.9992234744095, 501.59289155191004),
 (1074.7456760712944, 487.5139477740098),
 (1104.4921286681792, 473.4350039961096),
 (1134.238581265064, 459.35606021820934),
 (1163.985033861949, 445.2771164403091),
 (1163.985033861949, 445.2771164403091),
 (1163.985033861949, 445.2771164403091),
 (1195.4857477481498, 435.74962334612565),
 (1195.4857477481498, 435.74962334612565),
 (1227.6059086304865, 428.58279944060075),
 (1227.6059086304865, 428.58279944060075),
 (1260.168867514957, 423.8160596020639),
 (1260.168867514957, 423.8160596020639),
 (1292.99554018247, 421.47561913498487),
 (1292.99554018247, 421.47561913498487),
 (1325.9053920857552, 421.574349595504),
 (1325.9053920857552, 421.574349595504),
 (1325.9053920857552, 421.574349595504),
 (1358.4391643877657, 426.5363814173417),
 (1358.4391643877657, 426.5363814173417),
 (1358.4391643877657, 426.5363814173417),
 (1358.4391643877657, 426.5363814173417),
 (1389.0756216641296, 438.5561811475173),
 (1389.0756216641296, 438.5561811475173),
 (1418.7370651433216, 452.8133502469808),
 (1418.7370651433216, 452.8133502469808),
 (1418.7370651433216, 452.8133502469808),
 (1418.7370651433216, 452.8133502469808),
 (1444.5206056050295, 473.26517513522674),
 (1444.5206056050295, 473.26517513522674),
 (1468.7175922387792, 495.5715405461614),
 (1468.7175922387792, 495.5715405461614),
 (1468.7175922387792, 495.5715405461614),
 (1489.3517051292815, 521.2094321369689),
 (1489.3517051292815, 521.2094321369689),
 (1489.3517051292815, 521.2094321369689),
 (1505.969648445747, 549.6156296989577),
 (1505.969648445747, 549.6156296989577),
 (1520.4367550805537, 579.1752461649596),
 (1534.9038617153603, 608.7348626309615),
 (1534.9038617153603, 608.7348626309615),
 (1547.1405679377249, 639.285331053353),
 (1547.1405679377249, 639.285331053353),
 (1557.0795763934402, 670.658635165563),
 (1557.0795763934402, 670.658635165563),
 (1564.6662262154107, 702.6822334093393),
 (1572.2528760373812, 734.7058316531156),
 (1579.8395258593516, 766.7294298968919),
 (1587.426175681322, 798.7530281406682),
 (1587.426175681322, 798.7530281406682),
 (1587.426175681322, 798.7530281406682),
 (1587.426175681322, 798.7530281406682),
 (1587.426175681322, 798.7530281406682),
 (1587.426175681322, 798.7530281406682)]

orientations:
[59.67188839813127,
 59.67188839813127,
 59.67188839813127,
 59.67188839813127,
 59.67188839813127,
 59.67188839813127,
 59.67188839813127,
 55.42188839813127,
 55.42188839813127,
 51.17188839813127,
 51.17188839813127,
 51.17188839813127,
 51.17188839813127,
 51.17188839813127,
 46.92188839813127,
 46.92188839813127,
 42.67188839813127,
 42.67188839813127,
 42.67188839813127,
 38.42188839813127,
 38.42188839813127,
 34.17188839813127,
 34.17188839813127,
 29.921888398131273,
 29.921888398131273,
 25.671888398131273,
 25.671888398131273,
 25.671888398131273,
 21.421888398131273,
 17.171888398131273,
 12.921888398131273,
 8.671888398131273,
 8.671888398131273,
 8.671888398131273,
 12.921888398131273,
 12.921888398131273,
 12.921888398131273,
 8.671888398131273,
 4.421888398131272,
 0.1718883981312711,
 -4.07811160186873,
 -8.32811160186873,
 -8.32811160186873,
 -8.32811160186873,
 -8.32811160186873,
 -12.57811160186873,
 -12.57811160186873,
 -16.82811160186873,
 -16.82811160186873,
 -21.07811160186873,
 -21.07811160186873,
 -21.07811160186873,
 -21.07811160186873,
 -21.07811160186873,
 -25.32811160186873,
 -25.32811160186873,
 -25.32811160186873,
 -25.32811160186873,
 -25.32811160186873,
 -25.32811160186873,
 -25.32811160186873,
 -25.32811160186873,
 -25.32811160186873,
 -21.07811160186873,
 -16.82811160186873,
 -16.82811160186873,
 -12.57811160186873,
 -12.57811160186873,
 -8.32811160186873,
 -8.32811160186873,
 -4.07811160186873,
 -4.07811160186873,
 0.1718883981312711,
 0.1718883981312711,
 4.421888398131272,
 8.671888398131273,
 8.671888398131273,
 12.921888398131273,
 17.171888398131273,
 21.421888398131273,
 21.421888398131273,
 25.671888398131273,
 25.671888398131273,
 29.921888398131273,
 34.17188839813127,
 38.42188839813127,
 38.42188839813127,
 42.67188839813127,
 42.67188839813127,
 46.92188839813127,
 51.17188839813127,
 51.17188839813127,
 55.42188839813127,
 59.67188839813127,
 59.67188839813127,
 63.92188839813127,
 63.92188839813127,
 63.92188839813127,
 68.17188839813127,
 68.17188839813127,
 72.42188839813127,
 72.42188839813127,
 76.67188839813127,
 76.67188839813127,
 76.67188839813127,
 76.67188839813127,
 76.67188839813127,
 80.92188839813127,
 85.17188839813127,
 80.92188839813127,
 76.67188839813127,
 72.42188839813127]