actions:
[('init', None, 100),
 ('driveForward', 100, 150),
 ('turnRight', 100, 50),
 ('turnLeft', 100, 50),
 ('turnLeft', 100, 50),
 ('turnLeft', 100, 50),
 ('turnLeft', 100, 50),
 ('turnLeft', 100, 50),
 ('turnLeft', 100, 50),
 ('turnLeft', 100, 50),
 ('turnLeft', 100, 50),
 ('turnLeft', 100, 50),
 ('turnLeft', 100, 50),
 ('turnLeft', 100, 50),
 ('turnLeft', 100, 50),
 ('turnLeft', 100, 50),
 ('turnLeft', 100, 50),
 ('turnLeft', 100, 50)]

positions:
[(100, 481),
 (120.06215500705311, 454.91210939012177),
 (120.06215500705311, 454.91210939012177),
 (120.06215500705311, 454.91210939012177),
 (120.06215500705311, 454.91210939012177),
 (120.06215500705311, 454.91210939012177),
 (120.06215500705311, 454.91210939012177),
 (120.06215500705311, 454.91210939012177),
 (120.06215500705311, 454.91210939012177),
 (120.06215500705311, 454.91210939012177),
 (120.06215500705311, 454.91210939012177),
 (120.06215500705311, 454.91210939012177),
 (120.06215500705311, 454.91210939012177),
 (120.06215500705311, 454.91210939012177),
 (120.06215500705311, 454.91210939012177),
 (120.06215500705311, 454.91210939012177),
 (120.06215500705311, 454.91210939012177),
 (120.06215500705311, 454.91210939012177)]

orientations:
[-52.43893302754021,
 -52.43893302754021,
 -48.18893302754021,
 -52.43893302754021,
 -56.68893302754021,
 -60.93893302754021,
 -65.18893302754022,
 -69.43893302754022,
 -73.68893302754022,
 -77.93893302754022,
 -82.18893302754022,
 -86.43893302754022,
 -90.68893302754022,
 -94.93893302754022,
 -99.18893302754022,
 -103.43893302754022,
 -107.68893302754022,
 -111.93893302754022]