actions:
[('init', None, 100),
 ('turnLeft', 100, 50),
 ('driveForward', 100, 150),
 ('turnLeft', 100, 50),
 ('driveForward', 100, 150),
 ('turnLeft', 100, 50),
 ('driveForward', 100, 150),
 ('turnLeft', 100, 50),
 ('driveForward', 100, 150),
 ('driveForward', 100, 150),
 ('turnLeft', 100, 50),
 ('turnLeft', 100, 50),
 ('driveForward', 100, 150),
 ('turnLeft', 100, 50),
 ('driveForward', 100, 150),
 ('driveForward', 100, 150),
 ('turnLeft', 100, 50),
 ('turnLeft', 100, 50),
 ('driveForward', 100, 150),
 ('turnLeft', 100, 50),
 ('driveForward', 100, 150),
 ('driveForward', 100, 150),
 ('turnLeft', 100, 50),
 ('driveForward', 100, 150),
 ('turnLeft', 100, 50),
 ('driveForward', 100, 150),
 ('turnLeft', 100, 50),
 ('driveForward', 100, 150),
 ('driveForward', 100, 150),
 ('turnLeft', 100, 50),
 ('driveForward', 100, 150),
 ('driveForward', 100, 150),
 ('turnLeft', 100, 50),
 ('driveForward', 100, 150),
 ('driveForward', 100, 150),
 ('turnLeft', 100, 50),
 ('driveForward', 100, 150),
 ('driveForward', 100, 150),
 ('driveForward', 100, 150),
 ('turnLeft', 100, 50),
 ('driveForward', 100, 150),
 ('driveForward', 100, 150),
 ('driveForward', 100, 150),
 ('turnLeft', 100, 50),
 ('driveForward', 100, 150),
 ('driveForward', 100, 150),
 ('driveForward', 100, 150),
 ('driveForward', 100, 150),
 ('driveForward', 100, 150),
 ('turnLeft', 100, 50),
 ('driveForward', 100, 150),
 ('driveForward', 100, 150),
 ('driveForward', 100, 150),
 ('driveForward', 100, 150),
 ('driveForward', 100, 150),
 ('driveForward', 100, 150),
 ('turnLeft', 100, 50),
 ('driveForward', 100, 150),
 ('driveForward', 100, 150),
 ('driveForward', 100, 150),
 ('driveForward', 100, 150),
 ('driveForward', 100, 150),
 ('driveForward', 100, 150),
 ('driveForward', 100, 150),
 ('driveForward', 100, 150),
 ('driveForward', 100, 150),
 ('driveForward', 100, 150),
 ('turnLeft', 100, 50),
 ('driveForward', 100, 150),
 ('driveForward', 100, 150)]

positions:
[(100, 273),
 (100, 273),
 (112.61160622643169, 303.3976230713757),
 (112.61160622643169, 303.3976230713757),
 (127.441254821491, 332.7770312095097),
 (127.441254821491, 332.7770312095097),
 (144.40738820782576, 360.976648545869),
 (144.40738820782576, 360.976648545869),
 (163.41669893265626, 387.841387624573),
 (182.42600965748676, 414.70612670327694),
 (182.42600965748676, 414.70612670327694),
 (182.42600965748676, 414.70612670327694),
 (205.1973807792938, 438.46602479297695),
 (205.1973807792938, 438.46602479297695),
 (229.6669450201092, 460.47303562735897),
 (254.13650926092458, 482.48004646174104),
 (254.13650926092458, 482.48004646174104),
 (254.13650926092458, 482.48004646174104),
 (281.59013977679746, 500.62849740108936),
 (281.59013977679746, 500.62849740108936),
 (310.313232188905, 516.6924963517097),
 (339.0363246010125, 532.75649530233),
 (339.0363246010125, 532.75649530233),
 (368.87091253434727, 546.6476962168699),
 (368.87091253434727, 546.6476962168699),
 (399.6529168000098, 558.2897026328077),
 (399.6529168000098, 558.2897026328077),
 (431.2130477700052, 567.6184878247144),
 (462.77317874000056, 576.9472730166211),
 (462.77317874000056, 576.9472730166211),
 (494.93786737752185, 583.911532119448),
 (527.1025560150432, 590.8757912222749),
 (527.1025560150432, 590.8757912222749),
 (559.6949084399188, 595.4372233891179),
 (592.2872608647943, 599.9986555559609),
 (592.2872608647943, 599.9986555559609),
 (625.1280312043426, 602.13217459854),
 (657.9688015438909, 604.2656936411191),
 (690.8095718834392, 606.3992126836982),
 (690.8095718834392, 606.3992126836982),
 (723.718148058412, 606.0930850371058),
 (756.6267242333848, 605.7869573905133),
 (789.5353004083577, 605.4808297439208),
 (789.5353004083577, 605.4808297439208),
 (822.3306974325138, 602.7367389968849),
 (855.12609445667, 599.992648249849),
 (887.9214914808261, 597.2485575028131),
 (920.7168885049823, 594.5044667557772),
 (953.5122855291385, 591.7603760087413),
 (953.5122855291385, 591.7603760087413),
 (986.0141408596674, 586.5934136445111),
 (1018.5159961901962, 581.4264512802808),
 (1051.0178515207251, 576.2594889160506),
 (1083.5197068512539, 571.0925265518204),
 (1116.0215621817827, 565.9255641875901),
 (1148.5234175123114, 560.7586018233599),
 (1148.5234175123114, 560.7586018233599),
 (1180.5529829770485, 553.1971842221344),
 (1212.5825484417855, 545.635766620909),
 (1244.6121139065226, 538.0743490196835),
 (1276.6416793712597, 530.512931418458),
 (1308.6712448359967, 522.9515138172326),
 (1340.7008103007338, 515.3900962160071),
 (1372.7303757654709, 507.8286786147816),
 (1404.759941230208, 500.2672610135561),
 (1436.789506694945, 492.7058434123306),
 (1468.819072159682, 485.14442581110507),
 (1468.819072159682, 485.14442581110507),
 (1500.2001970058834, 475.23013797046207),
 (1531.5813218520848, 465.31585012981907)]

orientations:
[71.71702901564188,
 67.46702901564188,
 67.46702901564188,
 63.217029015641884,
 63.217029015641884,
 58.967029015641884,
 58.967029015641884,
 54.717029015641884,
 54.717029015641884,
 54.717029015641884,
 50.467029015641884,
 46.217029015641884,
 46.217029015641884,
 41.967029015641884,
 41.967029015641884,
 41.967029015641884,
 37.717029015641884,
 33.467029015641884,
 33.467029015641884,
 29.217029015641884,
 29.217029015641884,
 29.217029015641884,
 24.967029015641884,
 24.967029015641884,
 20.717029015641884,
 20.717029015641884,
 16.467029015641884,
 16.467029015641884,
 16.467029015641884,
 12.217029015641884,
 12.217029015641884,
 12.217029015641884,
 7.9670290156418835,
 7.9670290156418835,
 7.9670290156418835,
 3.7170290156418826,
 3.7170290156418826,
 3.7170290156418826,
 3.7170290156418826,
 -0.5329709843581183,
 -0.5329709843581183,
 -0.5329709843581183,
 -0.5329709843581183,
 -4.782970984358119,
 -4.782970984358119,
 -4.782970984358119,
 -4.782970984358119,
 -4.782970984358119,
 -4.782970984358119,
 -9.03297098435812,
 -9.03297098435812,
 -9.03297098435812,
 -9.03297098435812,
 -9.03297098435812,
 -9.03297098435812,
 -9.03297098435812,
 -13.28297098435812,
 -13.28297098435812,
 -13.28297098435812,
 -13.28297098435812,
 -13.28297098435812,
 -13.28297098435812,
 -13.28297098435812,
 -13.28297098435812,
 -13.28297098435812,
 -13.28297098435812,
 -13.28297098435812,
 -17.53297098435812,
 -17.53297098435812,
 -17.53297098435812]