actions:
[('init', None, 100),
 ('driveForward', 100, 150),
 ('turnLeft', 100, 50),
 ('turnLeft', 100, 50),
 ('turnLeft', 100, 50),
 ('turnLeft', 100, 50),
 ('driveForward', 100, 150),
 ('driveForward', 100, 150),
 ('turnLeft', 100, 50),
 ('turnLeft', 100, 50),
 ('turnRight', 100, 50),
 ('turnRight', 100, 50),
 ('turnRight', 100, 50),
 ('turnRight', 100, 50),
 ('turnRight', 100, 50),
 ('turnRight', 100, 50),
 ('turnRight', 100, 50),
 ('turnRight', 100, 50),
 ('turnRight', 100, 50),
 ('turnRight', 100, 50),
 ('turnRight', 100, 50),
 ('turnRight', 100, 50),
 ('turnRight', 100, 50),
 ('turnRight', 100, 50),
 ('turnRight', 100, 50),
 ('turnRight', 100, 50),
 ('turnRight', 100, 50),
 ('turnRight', 100, 50)]

positions:
[(100, 811),
 (107.57606748036852, 843.0261034397396),
 (107.57606748036852, 843.0261034397396),
 (107.57606748036852, 843.0261034397396),
 (107.57606748036852, 843.0261034397396),
 (107.57606748036852, 843.0261034397396),
 (124.1846233016452, 871.4377907097969),
 (140.79317912292188, 899.8494779798542),
 (140.79317912292188, 899.8494779798542),
 (140.79317912292188, 899.8494779798542),
 (140.79317912292188, 899.8494779798542),
 (140.79317912292188, 899.8494779798542),
 (140.79317912292188, 899.8494779798542),
 (140.79317912292188, 899.8494779798542),
 (140.79317912292188, 899.8494779798542),
 (140.79317912292188, 899.8494779798542),
 (140.79317912292188, 899.8494779798542),
 (140.79317912292188, 899.8494779798542),
 (140.79317912292188, 899.8494779798542),
 (140.79317912292188, 899.8494779798542),
 (140.79317912292188, 899.8494779798542),
 (140.79317912292188, 899.8494779798542),
 (140.79317912292188, 899.8494779798542),
 (140.79317912292188, 899.8494779798542),
 (140.79317912292188, 899.8494779798542),
 (140.79317912292188, 899.8494779798542),
 (140.79317912292188, 899.8494779798542),
 (140.79317912292188, 899.8494779798542)]

orientations:
[76.69082130459952,
 76.69082130459952,
 72.44082130459952,
 68.19082130459952,
 63.940821304599524,
 59.690821304599524,
 59.690821304599524,
 59.690821304599524,
 55.440821304599524,
 51.190821304599524,
 55.440821304599524,
 59.690821304599524,
 63.940821304599524,
 68.19082130459952,
 72.44082130459952,
 76.69082130459952,
 80.94082130459952,
 85.19082130459952,
 89.44082130459952,
 93.69082130459952,
 97.94082130459952,
 102.19082130459952,
 106.44082130459952,
 110.69082130459952,
 114.94082130459952,
 119.19082130459952,
 123.44082130459952,
 127.69082130459952]