actions:
[('init', None, 100),
 ('driveForward', 100, 150),
 ('driveForward', 100, 150),
 ('driveForward', 100, 150),
 ('driveForward', 100, 150),
 ('turnRight', 100, 50),
 ('driveForward', 100, 150),
 ('driveForward', 100, 150),
 ('turnRight', 100, 50),
 ('driveForward', 100, 150),
 ('driveForward', 100, 150),
 ('turnRight', 100, 50),
 ('driveForward', 100, 150),
 ('driveForward', 100, 150),
 ('driveForward', 100, 150),
 ('turnRight', 100, 50),
 ('driveForward', 100, 150),
 ('driveForward', 100, 150),
 ('turnRight', 100, 50),
 ('driveForward', 100, 150),
 ('driveForward', 100, 150),
 ('turnRight', 100, 50),
 ('driveForward', 100, 150),
 ('driveForward', 100, 150),
 ('driveForward', 100, 150),
 ('turnRight', 100, 50),
 ('driveForward', 100, 150),
 ('driveForward', 100, 150),
 ('driveForward', 100, 150),
 ('turnRight', 100, 50),
 ('driveForward', 100, 150),
 ('driveForward', 100, 150),
 ('driveForward', 100, 150),
 ('driveForward', 100, 150),
 ('turnRight', 100, 50),
 ('driveForward', 100, 150),
 ('driveForward', 100, 150),
 ('driveForward', 100, 150),
 ('driveForward', 100, 150),
 ('driveForward', 100, 150),
 ('turnLeft', 100, 50),
 ('turnLeft', 100, 50),
 ('turnLeft', 100, 50),
 ('driveForward', 100, 150),
 ('turnRight', 100, 50),
 ('turnLeft', 100, 50),
 ('turnLeft', 100, 50),
 ('turnLeft', 100, 50),
 ('turnLeft', 100, 50),
 ('turnLeft', 100, 50),
 ('driveForward', 100, 150),
 ('turnRight', 100, 50),
 ('turnLeft', 100, 50),
 ('turnLeft', 100, 50),
 ('turnLeft', 100, 50),
 ('turnLeft', 100, 50),
 ('turnLeft', 100, 50),
 ('driveForward', 100, 150),
 ('turnRight', 100, 50),
 ('turnLeft', 100, 50),
 ('turnLeft', 100, 50),
 ('turnLeft', 100, 50),
 ('turnLeft', 100, 50),
 ('turnLeft', 100, 50),
 ('driveForward', 100, 150),
 ('turnLeft', 100, 50),
 ('turnLeft', 100, 50),
 ('driveForward', 100, 150),
 ('turnLeft', 100, 50),
 ('turnLeft', 100, 50),
 ('driveForward', 100, 150),
 ('turnLeft', 100, 50),
 ('driveForward', 100, 150),
 ('turnLeft', 100, 50),
 ('driveForward', 100, 150),
 ('driveForward', 100, 150),
 ('turnLeft', 100, 50),
 ('driveForward', 100, 150),
 ('driveForward', 100, 150),
 ('driveForward', 100, 150),
 ('driveForward', 100, 150),
 ('driveForward', 100, 150),
 ('driveForward', 100, 150),
 ('driveForward', 100, 150),
 ('driveForward', 100, 150),
 ('driveForward', 100, 150),
 ('driveForward', 100, 150),
 ('turnRight', 100, 50),
 ('driveForward', 100, 150),
 ('turnRight', 100, 50),
 ('driveForward', 100, 150),
 ('turnRight', 100, 50),
 ('driveForward', 100, 150),
 ('turnRight', 100, 50),
 ('driveForward', 100, 150),
 ('driveForward', 100, 150)]

positions:
[(100, 488),
 (132.90807701297018, 487.6442370052652),
 (165.81615402594036, 487.2884740105304),
 (198.72423103891055, 486.93271101579563),
 (231.63230805188073, 486.57694802106084),
 (231.63230805188073, 486.57694802106084),
 (264.47625900274056, 488.66093121137516),
 (297.3202099536004, 490.74491440168947),
 (297.3202099536004, 490.74491440168947),
 (329.919405270917, 495.2571826409946),
 (362.51860058823365, 499.7694508802997),
 (362.51860058823365, 499.7694508802997),
 (394.6937567659504, 506.6851883637165),
 (426.86891294366717, 513.6009258471333),
 (459.0440691213839, 520.5166633305502),
 (459.0440691213839, 520.5166633305502),
 (490.61823471173307, 529.7978360621188),
 (522.1924003020822, 539.0790087936874),
 (522.1924003020822, 539.0790087936874),
 (552.9919290830404, 550.6745737592648),
 (583.7914578639986, 562.2701387248422),
 (583.7914578639986, 562.2701387248422),
 (613.6469638292245, 576.116324609784),
 (643.5024697944505, 589.9625104947257),
 (673.3579757596764, 603.8086963796675),
 (673.3579757596764, 603.8086963796675),
 (702.1052646788388, 619.8293542874502),
 (730.8525535980012, 635.8500121952329),
 (759.5998425171637, 651.8706701030156),
 (759.5998425171637, 651.8706701030156),
 (787.080814943424, 669.9776923459775),
 (814.5617873696843, 688.0847145889394),
 (842.0427597959447, 706.1917368319013),
 (869.523732222205, 724.2987590748631),
 (869.523732222205, 724.2987590748631),
 (895.5872529806467, 744.3925637338689),
 (921.6507737390883, 764.4863683928747),
 (947.71429449753, 784.5801730518806),
 (973.7778152559716, 804.6739777108864),
 (999.8413360144133, 824.7677823698923),
 (999.8413360144133, 824.7677823698923),
 (999.8413360144133, 824.7677823698923),
 (999.8413360144133, 824.7677823698923),
 (1029.6968419796392, 838.613968254834),
 (1029.6968419796392, 838.613968254834),
 (1029.6968419796392, 838.613968254834),
 (1029.6968419796392, 838.613968254834),
 (1029.6968419796392, 838.613968254834),
 (1029.6968419796392, 838.613968254834),
 (1029.6968419796392, 838.613968254834),
 (1062.2960372969558, 843.1262364941392),
 (1062.2960372969558, 843.1262364941392),
 (1062.2960372969558, 843.1262364941392),
 (1062.2960372969558, 843.1262364941392),
 (1062.2960372969558, 843.1262364941392),
 (1062.2960372969558, 843.1262364941392),
 (1062.2960372969558, 843.1262364941392),
 (1094.7900623767655, 837.9102577640543),
 (1094.7900623767655, 837.9102577640543),
 (1094.7900623767655, 837.9102577640543),
 (1094.7900623767655, 837.9102577640543),
 (1094.7900623767655, 837.9102577640543),
 (1094.7900623767655, 837.9102577640543),
 (1094.7900623767655, 837.9102577640543),
 (1124.3392485078573, 823.4218589915848),
 (1124.3392485078573, 823.4218589915848),
 (1124.3392485078573, 823.4218589915848),
 (1151.4223406501712, 804.7249549695032),
 (1151.4223406501712, 804.7249549695032),
 (1151.4223406501712, 804.7249549695032),
 (1175.4443700343616, 782.2302843947848),
 (1175.4443700343616, 782.2302843947848),
 (1197.7332972104753, 758.0172336713031),
 (1197.7332972104753, 758.0172336713031),
 (1218.1665413303817, 732.2189656143908),
 (1238.5997854502882, 706.4206975574784),
 (1238.5997854502882, 706.4206975574784),
 (1257.064971235694, 679.1790930909561),
 (1275.5301570210997, 651.9374886244339),
 (1293.9953428065055, 624.6958841579116),
 (1312.4605285919113, 597.4542796913893),
 (1330.925714377317, 570.212675224867),
 (1349.3909001627228, 542.9710707583447),
 (1367.8560859481286, 515.7294662918224),
 (1386.3212717335343, 488.4878618253001),
 (1404.78645751894, 461.2462573587778),
 (1423.2516433043459, 434.00465289225554),
 (1423.2516433043459, 434.00465289225554),
 (1443.6848874242523, 408.2063848353432),
 (1443.6848874242523, 408.2063848353432),
 (1465.973814600366, 383.99333411186154),
 (1465.973814600366, 383.99333411186154),
 (1489.9958439845564, 361.4986635371432),
 (1489.9958439845564, 361.4986635371432),
 (1515.6188633081406, 340.84608547184524),
 (1541.2418826317248, 320.19350740654727)]

orientations:
[-0.6193897032181166,
 -0.6193897032181166,
 -0.6193897032181166,
 -0.6193897032181166,
 -0.6193897032181166,
 3.6306102967818843,
 3.6306102967818843,
 3.6306102967818843,
 7.880610296781885,
 7.880610296781885,
 7.880610296781885,
 12.130610296781885,
 12.130610296781885,
 12.130610296781885,
 12.130610296781885,
 16.380610296781885,
 16.380610296781885,
 16.380610296781885,
 20.630610296781885,
 20.630610296781885,
 20.630610296781885,
 24.880610296781885,
 24.880610296781885,
 24.880610296781885,
 24.880610296781885,
 29.130610296781885,
 29.130610296781885,
 29.130610296781885,
 29.130610296781885,
 33.38061029678189,
 33.38061029678189,
 33.38061029678189,
 33.38061029678189,
 33.38061029678189,
 37.63061029678189,
 37.63061029678189,
 37.63061029678189,
 37.63061029678189,
 37.63061029678189,
 37.63061029678189,
 33.38061029678189,
 29.13061029678189,
 24.88061029678189,
 24.88061029678189,
 29.13061029678189,
 24.88061029678189,
 20.63061029678189,
 16.38061029678189,
 12.130610296781889,
 7.880610296781888,
 7.880610296781888,
 12.130610296781889,
 7.880610296781888,
 3.630610296781887,
 -0.6193897032181139,
 -4.869389703218115,
 -9.119389703218115,
 -9.119389703218115,
 -4.869389703218114,
 -9.119389703218115,
 -13.369389703218115,
 -17.619389703218115,
 -21.869389703218115,
 -26.119389703218115,
 -26.119389703218115,
 -30.369389703218115,
 -34.61938970321812,
 -34.61938970321812,
 -38.86938970321812,
 -43.11938970321812,
 -43.11938970321812,
 -47.36938970321812,
 -47.36938970321812,
 -51.61938970321812,
 -51.61938970321812,
 -51.61938970321812,
 -55.86938970321812,
 -55.86938970321812,
 -55.86938970321812,
 -55.86938970321812,
 -55.86938970321812,
 -55.86938970321812,
 -55.86938970321812,
 -55.86938970321812,
 -55.86938970321812,
 -55.86938970321812,
 -55.86938970321812,
 -51.61938970321812,
 -51.61938970321812,
 -47.36938970321812,
 -47.36938970321812,
 -43.11938970321812,
 -43.11938970321812,
 -38.86938970321812,
 -38.86938970321812,
 -38.86938970321812]