actions:
[('init', None, 100),
 ('turnLeft', 100, 50),
 ('turnLeft', 100, 50),
 ('turnLeft', 100, 50),
 ('turnLeft', 100, 50),
 ('turnLeft', 100, 50),
 ('driveForward', 100, 150),
 ('turnLeft', 100, 50),
 ('driveForward', 100, 150),
 ('turnLeft', 100, 50),
 ('turnLeft', 100, 50),
 ('turnLeft', 100, 50),
 ('driveForward', 100, 150),
 ('driveForward', 100, 150),
 ('driveForward', 100, 150),
 ('turnLeft', 100, 50),
 ('turnLeft', 100, 50),
 ('turnLeft', 100, 50),
 ('turnLeft', 100, 50),
 ('turnLeft', 100, 50),
 ('driveForward', 100, 150),
 ('driveForward', 100, 150),
 ('driveForward', 100, 150),
 ('turnLeft', 100, 50),
 ('driveForward', 100, 150),
 ('driveForward', 100, 150),
 ('turnLeft', 100, 50),
 ('driveForward', 100, 150),
 ('driveForward', 100, 150),
 ('turnLeft', 100, 50),
 ('driveForward', 100, 150),
 ('driveForward', 100, 150),
 ('driveForward', 100, 150),
 ('turnLeft', 100, 50),
 ('driveForward', 100, 150),
 ('driveForward', 100, 150),
 ('driveForward', 100, 150),
 ('turnLeft', 100, 50),
 ('driveForward', 100, 150),
 ('driveForward', 100, 150),
 ('driveForward', 100, 150),
 ('driveForward', 100, 150),
 ('turnLeft', 100, 50),
 ('driveForward', 100, 150),
 ('turnLeft', 100, 50),
 ('driveForward', 100, 150),
 ('driveForward', 100, 150),
 ('driveForward', 100, 150),
 ('driveForward', 100, 150),
 ('driveForward', 100, 150),
 ('driveForward', 100, 150),
 ('driveForward', 100, 150),
 ('turnLeft', 100, 50),
 ('driveForward', 100, 150),
 ('driveForward', 100, 150),
 ('driveForward', 100, 150),
 ('turnLeft', 100, 50),
 ('driveForward', 100, 150),
 ('driveForward', 100, 150),
 ('driveForward', 100, 150),
 ('turnLeft', 100, 50),
 ('driveForward', 100, 150),
 ('turnLeft', 100, 50),
 ('driveForward', 100, 150),
 ('driveForward', 100, 150),
 ('driveForward', 100, 150),
 ('driveForward', 100, 150),
 ('turnLeft', 100, 50),
 ('driveForward', 100, 150),
 ('turnLeft', 100, 50),
 ('driveForward', 100, 150),
 ('driveForward', 100, 150),
 ('driveForward', 100, 150),
 ('turnLeft', 100, 50),
 ('driveForward', 100, 150),
 ('driveForward', 100, 150),
 ('turnLeft', 100, 50),
 ('driveForward', 100, 150)]

positions:
[(100, 174),
 (100, 174),
 (100, 174),
 (100, 174),
 (100, 174),
 (100, 174),
 (114.69845615627834, 203.44526254972033),
 (114.69845615627834, 203.44526254972033),
 (131.5386382297705, 231.72027568378684),
 (131.5386382297705, 231.72027568378684),
 (131.5386382297705, 231.72027568378684),
 (131.5386382297705, 231.72027568378684),
 (154.20380336500392, 255.58150761746114),
 (176.86896850023734, 279.44273955113545),
 (199.53413363547077, 303.3039714848098),
 (199.53413363547077, 303.3039714848098),
 (199.53413363547077, 303.3039714848098),
 (199.53413363547077, 303.3039714848098),
 (199.53413363547077, 303.3039714848098),
 (199.53413363547077, 303.3039714848098),
 (229.30646399317578, 317.3281094287861),
 (259.0787943508808, 331.3522473727624),
 (288.8511247085858, 345.3763853167387),
 (288.8511247085858, 345.3763853167387),
 (319.5808943579703, 357.15557702482164),
 (350.3106640073548, 368.93476873290456),
 (350.3106640073548, 368.93476873290456),
 (381.8288705914762, 378.40423301134433),
 (413.3470771755976, 387.8736972897841),
 (413.3470771755976, 387.8736972897841),
 (445.4803822262509, 394.9813555906352),
 (477.6136872769043, 402.0890138914863),
 (509.7469923275576, 409.19667219233736),
 (509.7469923275576, 409.19667219233736),
 (542.3186745626807, 413.9034350261929),
 (574.8903567978039, 418.6101978600484),
 (607.462039032927, 423.3169606939039),
 (607.462039032927, 423.3169606939039),
 (640.2929662582301, 425.5969426076164),
 (673.1238934835332, 427.87692452132893),
 (705.9548207088362, 430.15690643504144),
 (738.7857479341393, 432.43688834875394),
 (738.7857479341393, 432.43688834875394),
 (771.6953622038585, 432.277550285845),
 (771.6953622038585, 432.277550285845),
 (804.5026728226159, 429.6797685466738),
 (837.3099834413732, 427.08198680750263),
 (870.1172940601306, 424.48420506833145),
 (902.9246046788879, 421.88642332916027),
 (935.7319152976453, 419.2886415899891),
 (968.5392259164026, 416.6908598508179),
 (1001.34653653516, 414.0930781116467),
 (1001.34653653516, 414.0930781116467),
 (1033.871115439785, 409.0711395340826),
 (1066.3956943444098, 404.04920095651846),
 (1098.9202732490346, 399.02726237895433),
 (1098.9202732490346, 399.02726237895433),
 (1130.9832472961173, 391.60878576605734),
 (1163.0462213432, 384.19030915316034),
 (1195.1091953902826, 376.77183254026335),
 (1195.1091953902826, 376.77183254026335),
 (1226.5342300922441, 366.99761676709204),
 (1226.5342300922441, 366.99761676709204),
 (1257.1484993917393, 354.92141640199424),
 (1287.7627686912344, 342.84521603689643),
 (1318.3770379907296, 330.7690156717986),
 (1348.9913072902248, 318.6928153067008),
 (1348.9913072902248, 318.6928153067008),
 (1378.6264440394773, 304.38104498108765),
 (1378.6264440394773, 304.38104498108765),
 (1407.1194659572634, 287.91241413354726),
 (1435.6124878750495, 271.4437832860069),
 (1464.1055097928356, 254.97515243846655),
 (1464.1055097928356, 254.97515243846655),
 (1491.2997158066948, 236.44023244199028),
 (1518.493921820554, 217.905312445514),
 (1518.493921820554, 217.905312445514),
 (1544.2397538646774, 197.40603849847412)]

orientations:
[84.7225939170928,
 80.4725939170928,
 76.2225939170928,
 71.9725939170928,
 67.7225939170928,
 63.472593917092794,
 63.472593917092794,
 59.222593917092794,
 59.222593917092794,
 54.972593917092794,
 50.722593917092794,
 46.472593917092794,
 46.472593917092794,
 46.472593917092794,
 46.472593917092794,
 42.222593917092794,
 37.972593917092794,
 33.722593917092794,
 29.472593917092794,
 25.222593917092794,
 25.222593917092794,
 25.222593917092794,
 25.222593917092794,
 20.972593917092794,
 20.972593917092794,
 20.972593917092794,
 16.722593917092794,
 16.722593917092794,
 16.722593917092794,
 12.472593917092794,
 12.472593917092794,
 12.472593917092794,
 12.472593917092794,
 8.222593917092794,
 8.222593917092794,
 8.222593917092794,
 8.222593917092794,
 3.9725939170927935,
 3.9725939170927935,
 3.9725939170927935,
 3.9725939170927935,
 3.9725939170927935,
 -0.27740608290720736,
 -0.27740608290720736,
 -4.527406082907208,
 -4.527406082907208,
 -4.527406082907208,
 -4.527406082907208,
 -4.527406082907208,
 -4.527406082907208,
 -4.527406082907208,
 -4.527406082907208,
 -8.77740608290721,
 -8.77740608290721,
 -8.77740608290721,
 -8.77740608290721,
 -13.02740608290721,
 -13.02740608290721,
 -13.02740608290721,
 -13.02740608290721,
 -17.27740608290721,
 -17.27740608290721,
 -21.52740608290721,
 -21.52740608290721,
 -21.52740608290721,
 -21.52740608290721,
 -21.52740608290721,
 -25.77740608290721,
 -25.77740608290721,
 -30.02740608290721,
 -30.02740608290721,
 -30.02740608290721,
 -30.02740608290721,
 -34.27740608290721,
 -34.27740608290721,
 -34.27740608290721,
 -38.52740608290721,
 -38.52740608290721]