actions:
[('init', None, 100),
 ('driveForward', 100, 150),
 ('driveForward', 100, 150),
 ('driveForward', 100, 150),
 ('driveForward', 100, 150),
 ('driveForward', 100, 150),
 ('driveForward', 100, 150),
 ('driveForward', 100, 150),
 ('driveForward', 100, 150),
 ('driveForward', 100, 150),
 ('driveForward', 100, 150),
 ('driveForward', 100, 150),
 ('driveForward', 100, 150),
 ('turnRight', 100, 50),
 ('driveForward', 100, 150),
 ('driveForward', 100, 150),
 ('driveForward', 100, 150),
 ('driveForward', 100, 150),
 ('driveForward', 100, 150),
 ('driveForward', 100, 150),
 ('driveForward', 100, 150),
 ('driveForward', 100, 150),
 ('driveForward', 100, 150),
 ('driveForward', 100, 150),
 ('driveForward', 100, 150),
 ('driveForward', 100, 150),
 ('driveForward', 100, 150),
 ('driveForward', 100, 150),
 ('driveForward', 100, 150),
 ('driveForward', 100, 150),
 ('driveForward', 100, 150),
 ('driveForward', 100, 150),
 ('driveForward', 100, 150),
 ('driveForward', 100, 150),
 ('driveForward', 100, 150),
 ('driveForward', 100, 150),
 ('driveForward', 100, 150),
 ('driveForward', 100, 150),
 ('driveForward', 100, 150),
 ('driveForward', 100, 150),
 ('driveForward', 100, 150),
 ('driveForward', 100, 150),
 ('turnRight', 100, 50),
 ('driveForward', 100, 150),
 ('driveForward', 100, 150),
 ('turnRight', 100, 50),
 ('driveForward', 100, 150),
 ('driveForward', 100, 150),
 ('turnRight', 100, 50),
 ('driveForward', 100, 150),
 ('driveForward', 100, 150)]

positions:
[(100, 1179),
 (129.9528352397972, 1165.3656404221701),
 (159.9056704795944, 1151.7312808443403),
 (189.8585057193916, 1138.0969212665104),
 (219.81134095918878, 1124.4625616886806),
 (249.76417619898598, 1110.8282021108507),
 (279.7170114387832, 1097.1938425330209),
 (309.66984667858037, 1083.559482955191),
 (339.62268191837757, 1069.9251233773612),
 (369.57551715817476, 1056.2907637995313),
 (399.52835239797196, 1042.6564042217015),
 (429.48118763776915, 1029.0220446438716),
 (459.43402287756635, 1015.3876850660416),
 (459.43402287756635, 1015.3876850660416),
 (490.31491516780267, 1004.0105768500307),
 (521.195807458039, 992.6334686340198),
 (552.0766997482752, 981.2563604180089),
 (582.9575920385115, 969.8792522019979),
 (613.8384843287478, 958.502143985987),
 (644.719376618984, 947.1250357699761),
 (675.6002689092203, 935.7479275539652),
 (706.4811611994566, 924.3708193379542),
 (737.3620534896928, 912.9937111219433),
 (768.2429457799291, 901.6166029059324),
 (799.1238380701653, 890.2394946899215),
 (830.0047303604016, 878.8623864739105),
 (860.8856226506379, 867.4852782578996),
 (891.7665149408741, 856.1081700418887),
 (922.6474072311104, 844.7310618258778),
 (953.5282995213466, 833.3539536098668),
 (984.4091918115829, 821.9768453938559),
 (1015.2900841018192, 810.599737177845),
 (1046.1709763920555, 799.2226289618341),
 (1077.0518686822918, 787.8455207458231),
 (1107.932760972528, 776.4684125298122),
 (1138.8136532627643, 765.0913043138013),
 (1169.6945455530006, 753.7141960977904),
 (1200.5754378432368, 742.3370878817794),
 (1231.456330133473, 730.9599796657685),
 (1262.3372224237094, 719.5828714497576),
 (1293.2181147139456, 708.2057632337467),
 (1324.0990070041819, 696.8286550177357),
 (1324.0990070041819, 696.8286550177357),
 (1355.7381228693355, 687.771368046938),
 (1387.377238734489, 678.7140810761404),
 (1387.377238734489, 678.7140810761404),
 (1419.6005747500699, 672.0264270758971),
 (1451.8239107656507, 665.3387730756539),
 (1451.8239107656507, 665.3387730756539),
 (1484.454250512619, 661.0575316672036),
 (1517.0845902595872, 656.7762902587534)]

orientations:
[-24.474757119938637,
 -24.474757119938637,
 -24.474757119938637,
 -24.474757119938637,
 -24.474757119938637,
 -24.474757119938637,
 -24.474757119938637,
 -24.474757119938637,
 -24.474757119938637,
 -24.474757119938637,
 -24.474757119938637,
 -24.474757119938637,
 -24.474757119938637,
 -20.224757119938637,
 -20.224757119938637,
 -20.224757119938637,
 -20.224757119938637,
 -20.224757119938637,
 -20.224757119938637,
 -20.224757119938637,
 -20.224757119938637,
 -20.224757119938637,
 -20.224757119938637,
 -20.224757119938637,
 -20.224757119938637,
 -20.224757119938637,
 -20.224757119938637,
 -20.224757119938637,
 -20.224757119938637,
 -20.224757119938637,
 -20.224757119938637,
 -20.224757119938637,
 -20.224757119938637,
 -20.224757119938637,
 -20.224757119938637,
 -20.224757119938637,
 -20.224757119938637,
 -20.224757119938637,
 -20.224757119938637,
 -20.224757119938637,
 -20.224757119938637,
 -20.224757119938637,
 -15.974757119938637,
 -15.974757119938637,
 -15.974757119938637,
 -11.724757119938637,
 -11.724757119938637,
 -11.724757119938637,
 -7.474757119938636,
 -7.474757119938636,
 -7.474757119938636]