actions:
[('init', None, 100),
 ('turnRight', 100, 50),
 ('driveForward', 100, 150),
 ('turnRight', 100, 50),
 ('turnRight', 100, 50),
 ('driveForward', 100, 150),
 ('driveForward', 100, 150),
 ('turnRight', 100, 50),
 ('turnRight', 100, 50),
 ('driveForward', 100, 150),
 ('driveForward', 100, 150),
 ('driveForward', 100, 150),
 ('turnRight', 100, 50),
 ('driveForward', 100, 150),
 ('driveForward', 100, 150),
 ('driveForward', 100, 150),
 ('turnRight', 100, 50),
 ('driveForward', 100, 150),
 ('driveForward', 100, 150),
 ('driveForward', 100, 150),
 ('driveForward', 100, 150),
 ('driveForward', 100, 150),
 ('driveForward', 100, 150),
 ('driveForward', 100, 150),
 ('driveForward', 100, 150),
 ('driveForward', 100, 150),
 ('turnLeft', 100, 50),
 ('driveForward', 100, 150),
 ('turnLeft', 100, 50),
 ('driveForward', 100, 150),
 ('driveForward', 100, 150),
 ('turnLeft', 100, 50),
 ('driveForward', 100, 150),
 ('driveForward', 100, 150),
 ('turnLeft', 100, 50),
 ('driveForward', 100, 150),
 ('driveForward', 100, 150),
 ('turnLeft', 100, 50),
 ('driveForward', 100, 150),
 ('driveForward', 100, 150),
 ('turnLeft', 100, 50),
 ('driveForward', 100, 150),
 ('turnLeft', 100, 50),
 ('driveForward', 100, 150),
 ('driveForward', 100, 150),
 ('driveForward', 100, 150),
 ('turnLeft', 100, 50),
 ('driveForward', 100, 150),
 ('driveForward', 100, 150),
 ('turnLeft', 100, 50),
 ('driveForward', 100, 150),
 ('driveForward', 100, 150),
 ('driveForward', 100, 150),
 ('turnLeft', 100, 50),
 ('driveForward', 100, 150),
 ('driveForward', 100, 150),
 ('driveForward', 100, 150),
 ('driveForward', 100, 150),
 ('turnLeft', 100, 50),
 ('driveForward', 100, 150),
 ('driveForward', 100, 150),
 ('turnRight', 100, 50),
 ('driveForward', 100, 150),
 ('turnRight', 100, 50),
 ('turnRight', 100, 50),
 ('driveForward', 100, 150),
 ('turnRight', 100, 50),
 ('turnRight', 100, 50),
 ('driveForward', 100, 150),
 ('turnRight', 100, 50),
 ('turnRight', 100, 50),
 ('driveForward', 100, 150),
 ('turnRight', 100, 50),
 ('turnRight', 100, 50),
 ('driveForward', 100, 150),
 ('turnRight', 100, 50),
 ('turnRight', 100, 50),
 ('driveForward', 100, 150),
 ('turnRight', 100, 50),
 ('turnRight', 100, 50),
 ('driveForward', 100, 150)]

positions:
[(100, 198),
 (100, 198),
 (132.00460208256035, 205.66639064599332),
 (132.00460208256035, 205.66639064599332),
 (132.00460208256035, 205.66639064599332),
 (162.52449655592454, 217.97915399687088),
 (193.04439102928873, 230.29191734774844),
 (193.04439102928873, 230.29191734774844),
 (193.04439102928873, 230.29191734774844),
 (221.40910851130616, 246.9805632534334),
 (249.77382599332358, 263.66920915911834),
 (278.138543475341, 280.3578550648033),
 (278.138543475341, 280.3578550648033),
 (305.18849288310156, 299.1026766707187),
 (332.2384422908621, 317.84749827663416),
 (359.28839169862266, 336.5923198825496),
 (359.28839169862266, 336.5923198825496),
 (384.8748083242471, 357.29022760917667),
 (410.46122494987156, 377.98813533580375),
 (436.047641575496, 398.6860430624308),
 (461.63405820112047, 419.3839507890579),
 (487.2204748267449, 440.081858515685),
 (512.8068914523693, 460.77976624231206),
 (538.3933080779938, 481.47767396893914),
 (563.9797247036182, 502.1755816955662),
 (589.5661413292427, 522.8734894221933),
 (589.5661413292427, 522.8734894221933),
 (616.6160907370032, 541.6183110281088),
 (616.6160907370032, 541.6183110281088),
 (644.9808082190207, 558.3069569337938),
 (673.3455257010381, 574.9956028394788),
 (673.3455257010381, 574.9956028394788),
 (702.8690158117505, 589.5362916705716),
 (732.3925059224629, 604.0769805016644),
 (732.3925059224629, 604.0769805016644),
 (762.912400395827, 616.389743852542),
 (793.4322948691912, 628.7025072034196),
 (793.4322948691912, 628.7025072034196),
 (824.7807455840372, 638.7196294338245),
 (856.1291962988831, 648.7367516642294),
 (856.1291962988831, 648.7367516642294),
 (888.1337983814435, 656.4031423102227),
 (888.1337983814435, 656.4031423102227),
 (920.6185383683348, 661.6766390613415),
 (953.1032783552262, 666.9501358124602),
 (985.5880183421175, 672.2236325635789),
 (985.5880183421175, 672.2236325635789),
 (1018.3742421892293, 675.075233139935),
 (1051.1604660363412, 677.9268337162911),
 (1051.1604660363412, 677.9268337162911),
 (1084.0678616499408, 678.3408553703741),
 (1116.9752572635405, 678.7548770244572),
 (1149.8826528771401, 679.1688986785402),
 (1149.8826528771401, 679.1688986785402),
 (1182.7302417636365, 677.1430644445231),
 (1215.577830650133, 675.117230210506),
 (1248.4254195366293, 673.0913959764889),
 (1281.2730084231257, 671.0655617424718),
 (1281.2730084231257, 671.0655617424718),
 (1313.880141003787, 666.61101295868),
 (1346.4872735844483, 662.1564641748882),
 (1346.4872735844483, 662.1564641748882),
 (1379.3348624709447, 660.1306299408711),
 (1379.3348624709447, 660.1306299408711),
 (1379.3348624709447, 660.1306299408711),
 (1412.1210863180565, 662.9822305172272),
 (1412.1210863180565, 662.9822305172272),
 (1412.1210863180565, 662.9822305172272),
 (1444.1256884006168, 670.6486211632206),
 (1444.1256884006168, 670.6486211632206),
 (1444.1256884006168, 670.6486211632206),
 (1474.645582873981, 682.9613845140982),
 (1474.645582873981, 682.9613845140982),
 (1474.645582873981, 682.9613845140982),
 (1503.0103003559984, 699.6500304197832),
 (1503.0103003559984, 699.6500304197832),
 (1503.0103003559984, 699.6500304197832),
 (1528.5967169816229, 720.3479381464103),
 (1528.5967169816229, 720.3479381464103),
 (1528.5967169816229, 720.3479381464103),
 (1550.8427433582647, 744.6004104007961)]

orientations:
[9.220824040637911,
 13.470824040637911,
 13.470824040637911,
 17.72082404063791,
 21.97082404063791,
 21.97082404063791,
 21.97082404063791,
 26.22082404063791,
 30.47082404063791,
 30.47082404063791,
 30.47082404063791,
 30.47082404063791,
 34.720824040637915,
 34.720824040637915,
 34.720824040637915,
 34.720824040637915,
 38.970824040637915,
 38.970824040637915,
 38.970824040637915,
 38.970824040637915,
 38.970824040637915,
 38.970824040637915,
 38.970824040637915,
 38.970824040637915,
 38.970824040637915,
 38.970824040637915,
 34.720824040637915,
 34.720824040637915,
 30.470824040637915,
 30.470824040637915,
 30.470824040637915,
 26.220824040637915,
 26.220824040637915,
 26.220824040637915,
 21.970824040637915,
 21.970824040637915,
 21.970824040637915,
 17.720824040637915,
 17.720824040637915,
 17.720824040637915,
 13.470824040637915,
 13.470824040637915,
 9.220824040637915,
 9.220824040637915,
 9.220824040637915,
 9.220824040637915,
 4.970824040637914,
 4.970824040637914,
 4.970824040637914,
 0.7208240406379129,
 0.7208240406379129,
 0.7208240406379129,
 0.7208240406379129,
 -3.529175959362088,
 -3.529175959362088,
 -3.529175959362088,
 -3.529175959362088,
 -3.529175959362088,
 -7.779175959362089,
 -7.779175959362089,
 -7.779175959362089,
 -3.529175959362088,
 -3.529175959362088,
 0.7208240406379129,
 4.970824040637914,
 4.970824040637914,
 9.220824040637915,
 13.470824040637915,
 13.470824040637915,
 17.720824040637915,
 21.970824040637915,
 21.970824040637915,
 26.220824040637915,
 30.470824040637915,
 30.470824040637915,
 34.720824040637915,
 38.970824040637915,
 38.970824040637915,
 43.220824040637915,
 47.470824040637915,
 47.470824040637915]