actions:
[('init', None, 100),
 ('driveForward', 100, 150),
 ('driveForward', 100, 150),
 ('driveForward', 100, 150),
 ('driveForward', 100, 150),
 ('driveForward', 100, 150),
 ('driveForward', 100, 150),
 ('turnRight', 100, 50),
 ('driveForward', 100, 150),
 ('turnLeft', 100, 50),
 ('turnRight', 100, 50),
 ('turnLeft', 100, 50),
 ('turnRight', 100, 50),
 ('turnRight', 100, 50),
 ('turnRight', 100, 50),
 ('turnRight', 100, 50),
 ('turnRight', 100, 50),
 ('turnRight', 100, 50),
 ('turnLeft', 100, 50),
 ('turnRight', 100, 50),
 ('turnLeft', 100, 50),
 ('turnRight', 100, 50),
 ('turnLeft', 100, 50),
 ('turnRight', 100, 50),
 ('turnLeft', 100, 50),
 ('turnRight', 100, 50),
 ('turnLeft', 100, 50),
 ('turnRight', 100, 50),
 ('turnLeft', 100, 50),
 ('turnRight', 100, 50),
 ('turnLeft', 100, 50),
 ('turnRight', 100, 50),
 ('turnLeft', 100, 50),
 ('turnRight', 100, 50),
 ('turnLeft', 100, 50),
 ('turnRight', 100, 50),
 ('turnLeft', 100, 50),
 ('turnRight', 100, 50),
 ('turnLeft', 100, 50),
 ('driveForward', 100, 150),
 ('turnLeft', 100, 50),
 ('turnRight', 100, 50),
 ('turnLeft', 100, 50),
 ('turnRight', 100, 50),
 ('turnLeft', 100, 50),
 ('driveForward', 100, 150),
 ('turnRight', 100, 50),
 ('turnLeft', 100, 50),
 ('turnLeft', 100, 50),
 ('driveForward', 100, 150),
 ('driveForward', 100, 150),
 ('driveForward', 100, 150),
 ('driveForward', 100, 150),
 ('driveForward', 100, 150),
 ('driveForward', 100, 150),
 ('driveForward', 100, 150),
 ('driveForward', 100, 150),
 ('driveForward', 100, 150),
 ('driveForward', 100, 150),
 ('driveForward', 100, 150),
 ('driveForward', 100, 150),
 ('driveForward', 100, 150),
 ('driveForward', 100, 150),
 ('driveForward', 100, 150),
 ('driveForward', 100, 150),
 ('driveForward', 100, 150),
 ('turnRight', 100, 50),
 ('driveForward', 100, 150),
 ('driveForward', 100, 150),
 ('driveForward', 100, 150),
 ('driveForward', 100, 150),
 ('driveForward', 100, 150),
 ('driveForward', 100, 150),
 ('driveForward', 100, 150),
 ('driveForward', 100, 150),
 ('driveForward', 100, 150),
 ('driveForward', 100, 150),
 ('driveForward', 100, 150),
 ('driveForward', 100, 150),
 ('driveForward', 100, 150),
 ('turnLeft', 100, 50),
 ('turnLeft', 100, 50),
 ('turnLeft', 100, 50),
 ('driveForward', 100, 150),
 ('turnLeft', 100, 50),
 ('turnLeft', 100, 50),
 ('driveForward', 100, 150),
 ('turnLeft', 100, 50),
 ('turnLeft', 100, 50),
 ('driveForward', 100, 150),
 ('turnLeft', 100, 50),
 ('driveForward', 100, 150),
 ('turnLeft', 100, 50),
 ('driveForward', 100, 150),
 ('turnLeft', 100, 50),
 ('turnLeft', 100, 50),
 ('turnLeft', 100, 50),
 ('driveForward', 100, 150),
 ('turnLeft', 100, 50),
 ('turnLeft', 100, 50),
 ('driveForward', 100, 150),
 ('driveForward', 100, 150),
 ('turnLeft', 100, 50),
 ('driveForward', 100, 150)]

positions:
[(100, 956),
 (131.27914033726444, 945.7685054971565),
 (162.55828067452887, 935.537010994313),
 (193.8374210117933, 925.3055164914696),
 (225.11656134905775, 915.0740219886261),
 (256.3957016863222, 904.8425274857826),
 (287.6748420235866, 894.6110329829392),
 (287.6748420235866, 894.6110329829392),
 (319.62621112472465, 886.7257230611388),
 (319.62621112472465, 886.7257230611388),
 (319.62621112472465, 886.7257230611388),
 (319.62621112472465, 886.7257230611388),
 (319.62621112472465, 886.7257230611388),
 (319.62621112472465, 886.7257230611388),
 (319.62621112472465, 886.7257230611388),
 (319.62621112472465, 886.7257230611388),
 (319.62621112472465, 886.7257230611388),
 (319.62621112472465, 886.7257230611388),
 (319.62621112472465, 886.7257230611388),
 (319.62621112472465, 886.7257230611388),
 (319.62621112472465, 886.7257230611388),
 (319.62621112472465, 886.7257230611388),
 (319.62621112472465, 886.7257230611388),
 (319.62621112472465, 886.7257230611388),
 (319.62621112472465, 886.7257230611388),
 (319.62621112472465, 886.7257230611388),
 (319.62621112472465, 886.7257230611388),
 (319.62621112472465, 886.7257230611388),
 (319.62621112472465, 886.7257230611388),
 (319.62621112472465, 886.7257230611388),
 (319.62621112472465, 886.7257230611388),
 (319.62621112472465, 886.7257230611388),
 (319.62621112472465, 886.7257230611388),
 (319.62621112472465, 886.7257230611388),
 (319.62621112472465, 886.7257230611388),
 (319.62621112472465, 886.7257230611388),
 (319.62621112472465, 886.7257230611388),
 (319.62621112472465, 886.7257230611388),
 (319.62621112472465, 886.7257230611388),
 (352.48689885977717, 888.5266399330036),
 (352.48689885977717, 888.5266399330036),
 (352.48689885977717, 888.5266399330036),
 (352.48689885977717, 888.5266399330036),
 (352.48689885977717, 888.5266399330036),
 (352.48689885977717, 888.5266399330036),
 (385.39068901639604, 887.8873486619924),
 (385.39068901639604, 887.8873486619924),
 (385.39068901639604, 887.8873486619924),
 (385.39068901639604, 887.8873486619924),
 (418.1566229296691, 884.8113651134307),
 (450.92255684294213, 881.735381564869),
 (483.6884907562152, 878.6593980163074),
 (516.4544246694883, 875.5834144677457),
 (549.2203585827614, 872.507430919184),
 (581.9862924960345, 869.4314473706223),
 (614.7522264093076, 866.3554638220606),
 (647.5181603225807, 863.279480273499),
 (680.2840942358538, 860.2034967249373),
 (713.0500281491269, 857.1275131763756),
 (745.8159620624, 854.0515296278139),
 (778.5818959756731, 850.9755460792522),
 (811.3478298889462, 847.8995625306906),
 (844.1137638022193, 844.8235789821289),
 (876.8796977154924, 841.7475954335672),
 (909.6456316287655, 838.6716118850055),
 (942.4115655420386, 835.5956283364438),
 (942.4115655420386, 835.5956283364438),
 (975.3153556986574, 834.9563370654326),
 (1008.2191458552763, 834.3170457944215),
 (1041.1229360118953, 833.6777545234103),
 (1074.0267261685142, 833.0384632523991),
 (1106.930516325133, 832.3991719813879),
 (1139.834306481752, 831.7598807103767),
 (1172.738096638371, 831.1205894393655),
 (1205.64188679499, 830.4812981683543),
 (1238.5456769516088, 829.8420068973431),
 (1271.4494671082277, 829.202715626332),
 (1304.3532572648467, 828.5634243553208),
 (1337.2570474214656, 827.9241330843096),
 (1370.1608375780845, 827.2848418132984),
 (1370.1608375780845, 827.2848418132984),
 (1370.1608375780845, 827.2848418132984),
 (1370.1608375780845, 827.2848418132984),
 (1402.1122066792225, 819.399531891498),
 (1402.1122066792225, 819.399531891498),
 (1402.1122066792225, 819.399531891498),
 (1432.547094560264, 806.8781222396882),
 (1432.547094560264, 806.8781222396882),
 (1432.547094560264, 806.8781222396882),
 (1460.7968992871088, 789.9956866069028),
 (1460.7968992871088, 789.9956866069028),
 (1487.7178904644122, 771.0661241705562),
 (1487.7178904644122, 771.0661241705562),
 (1513.1620126068226, 750.1935405163437),
 (1513.1620126068226, 750.1935405163437),
 (1513.1620126068226, 750.1935405163437),
 (1513.1620126068226, 750.1935405163437),
 (1533.3722160657467, 724.2201738468322),
 (1533.3722160657467, 724.2201738468322),
 (1533.3722160657467, 724.2201738468322),
 (1549.5213198559206, 695.5448439136965),
 (1565.6704236460946, 666.8695139805608),
 (1565.6704236460946, 666.8695139805608),
 (1579.6500349828368, 637.0762501970538)]

orientations:
[-18.113065807523288,
 -18.113065807523288,
 -18.113065807523288,
 -18.113065807523288,
 -18.113065807523288,
 -18.113065807523288,
 -18.113065807523288,
 -13.863065807523288,
 -13.863065807523288,
 -18.113065807523288,
 -13.863065807523288,
 -18.113065807523288,
 -13.863065807523288,
 -9.613065807523288,
 -5.363065807523287,
 -1.1130658075232862,
 3.1369341924767147,
 7.386934192476716,
 3.1369341924767147,
 7.386934192476716,
 3.1369341924767147,
 7.386934192476716,
 3.1369341924767147,
 7.386934192476716,
 3.1369341924767147,
 7.386934192476716,
 3.1369341924767147,
 7.386934192476716,
 3.1369341924767147,
 7.386934192476716,
 3.1369341924767147,
 7.386934192476716,
 3.1369341924767147,
 7.386934192476716,
 3.1369341924767147,
 7.386934192476716,
 3.1369341924767147,
 7.386934192476716,
 3.1369341924767147,
 3.1369341924767147,
 -1.1130658075232862,
 3.1369341924767147,
 -1.1130658075232862,
 3.1369341924767147,
 -1.1130658075232862,
 -1.1130658075232862,
 3.1369341924767147,
 -1.1130658075232862,
 -5.363065807523287,
 -5.363065807523287,
 -5.363065807523287,
 -5.363065807523287,
 -5.363065807523287,
 -5.363065807523287,
 -5.363065807523287,
 -5.363065807523287,
 -5.363065807523287,
 -5.363065807523287,
 -5.363065807523287,
 -5.363065807523287,
 -5.363065807523287,
 -5.363065807523287,
 -5.363065807523287,
 -5.363065807523287,
 -5.363065807523287,
 -5.363065807523287,
 -1.1130658075232862,
 -1.1130658075232862,
 -1.1130658075232862,
 -1.1130658075232862,
 -1.1130658075232862,
 -1.1130658075232862,
 -1.1130658075232862,
 -1.1130658075232862,
 -1.1130658075232862,
 -1.1130658075232862,
 -1.1130658075232862,
 -1.1130658075232862,
 -1.1130658075232862,
 -1.1130658075232862,
 -5.363065807523287,
 -9.613065807523288,
 -13.863065807523288,
 -13.863065807523288,
 -18.113065807523288,
 -22.363065807523288,
 -22.363065807523288,
 -26.613065807523288,
 -30.863065807523288,
 -30.863065807523288,
 -35.11306580752329,
 -35.11306580752329,
 -39.36306580752329,
 -39.36306580752329,
 -43.61306580752329,
 -47.86306580752329,
 -52.11306580752329,
 -52.11306580752329,
 -56.36306580752329,
 -60.61306580752329,
 -60.61306580752329,
 -60.61306580752329,
 -64.8630658075233,
 -64.8630658075233]