actions:
[('init', None, 100),
 ('turnLeft', 100, 50),
 ('turnLeft', 100, 50),
 ('turnRight', 100, 50),
 ('driveForward', 100, 150),
 ('turnRight', 100, 50),
 ('turnLeft', 100, 50),
 ('turnLeft', 100, 50),
 ('driveForward', 100, 150),
 ('driveForward', 100, 150),
 ('turnLeft', 100, 50),
 ('driveForward', 100, 150),
 ('driveForward', 100, 150),
 ('turnLeft', 100, 50),
 ('driveForward', 100, 150),
 ('turnRight', 100, 50),
 ('turnRight', 100, 50),
 ('turnRight', 100, 50),
 ('driveForward', 100, 150),
 ('turnRight', 100, 50),
 ('turnRight', 100, 50),
 ('turnLeft', 100, 50),
 ('turnRight', 100, 50),
 ('turnRight', 100, 50),
 ('turnRight', 100, 50),
 ('turnRight', 100, 50),
 ('turnRight', 100, 50),
 ('turnRight', 100, 50),
 ('turnRight', 100, 50),
 ('turnRight', 100, 50),
 ('turnRight', 100, 50),
 ('driveForward', 100, 150),
 ('turnRight', 100, 50),
 ('turnRight', 100, 50),
 ('driveForward', 100, 150),
 ('turnLeft', 100, 50),
 ('turnRight', 100, 50),
 ('turnRight', 100, 50),
 ('turnLeft', 100, 50),
 ('driveForward', 100, 150),
 ('driveForward', 100, 150),
 ('turnRight', 100, 50),
 ('turnRight', 100, 50),
 ('turnRight', 100, 50)]

positions:
[(100, 273),
 (100, 273),
 (100, 273),
 (100, 273),
 (112.61160622643169, 303.3976230713757),
 (112.61160622643169, 303.3976230713757),
 (112.61160622643169, 303.3976230713757),
 (112.61160622643169, 303.3976230713757),
 (127.441254821491, 332.7770312095097),
 (142.2709034165503, 362.1564393476437),
 (142.2709034165503, 362.1564393476437),
 (159.2370368028851, 390.356056684003),
 (176.20317018921986, 418.55567402036235),
 (176.20317018921986, 418.55567402036235),
 (195.21248091405036, 445.4204130990663),
 (195.21248091405036, 445.4204130990663),
 (195.21248091405036, 445.4204130990663),
 (195.21248091405036, 445.4204130990663),
 (207.82408714048205, 475.818036170442),
 (207.82408714048205, 475.818036170442),
 (207.82408714048205, 475.818036170442),
 (207.82408714048205, 475.818036170442),
 (207.82408714048205, 475.818036170442),
 (207.82408714048205, 475.818036170442),
 (207.82408714048205, 475.818036170442),
 (207.82408714048205, 475.818036170442),
 (207.82408714048205, 475.818036170442),
 (207.82408714048205, 475.818036170442),
 (207.82408714048205, 475.818036170442),
 (207.82408714048205, 475.818036170442),
 (207.82408714048205, 475.818036170442),
 (196.58600211019032, 506.74979242274577),
 (196.58600211019032, 506.74979242274577),
 (196.58600211019032, 506.74979242274577),
 (180.89935306456405, 535.6806953073665),
 (180.89935306456405, 535.6806953073665),
 (180.89935306456405, 535.6806953073665),
 (180.89935306456405, 535.6806953073665),
 (180.89935306456405, 535.6806953073665),
 (165.21270401893779, 564.6115981919871),
 (149.52605497331152, 593.5425010766078),
 (149.52605497331152, 593.5425010766078),
 (149.52605497331152, 593.5425010766078),
 (149.52605497331152, 593.5425010766078)]

orientations:
[71.71702901564188,
 67.46702901564188,
 63.217029015641884,
 67.46702901564188,
 67.46702901564188,
 71.71702901564188,
 67.46702901564188,
 63.217029015641884,
 63.217029015641884,
 63.217029015641884,
 58.967029015641884,
 58.967029015641884,
 58.967029015641884,
 54.717029015641884,
 54.717029015641884,
 58.967029015641884,
 63.217029015641884,
 67.46702901564188,
 67.46702901564188,
 71.71702901564188,
 75.96702901564188,
 71.71702901564188,
 75.96702901564188,
 80.21702901564188,
 84.46702901564188,
 88.71702901564188,
 92.96702901564188,
 97.21702901564188,
 101.46702901564188,
 105.71702901564188,
 109.96702901564188,
 109.96702901564188,
 114.21702901564188,
 118.46702901564188,
 118.46702901564188,
 114.21702901564188,
 118.46702901564188,
 122.71702901564188,
 118.46702901564188,
 118.46702901564188,
 118.46702901564188,
 122.71702901564188,
 126.96702901564188,
 131.21702901564188]