actions:
[('init', None, 100),
 ('driveForward', 100, 150),
 ('turnLeft', 100, 50),
 ('turnLeft', 100, 50),
 ('driveForward', 100, 150),
 ('turnLeft', 100, 50),
 ('turnLeft', 100, 50),
 ('turnLeft', 100, 50),
 ('driveForward', 100, 150),
 ('turnLeft', 100, 50),
 ('turnLeft', 100, 50),
 ('turnLeft', 100, 50),
 ('driveForward', 100, 150),
 ('turnLeft', 100, 50),
 ('turnLeft', 100, 50),
 ('turnLeft', 100, 50),
 ('driveForward', 100, 150),
 ('turnLeft', 100, 50),
 ('turnLeft', 100, 50),
 ('turnLeft', 100, 50),
 ('driveForward', 100, 150),
 ('turnLeft', 100, 50),
 ('turnLeft', 100, 50),
 ('driveForward', 100, 150),
 ('turnLeft', 100, 50),
 ('turnLeft', 100, 50),
 ('driveForward', 100, 150),
 ('turnLeft', 100, 50),
 ('driveForward', 100, 150),
 ('turnLeft', 100, 50),
 ('driveForward', 100, 150),
 ('turnLeft', 100, 50),
 ('driveForward', 100, 150),
 ('driveForward', 100, 150),
 ('turnLeft', 100, 50),
 ('driveForward', 100, 150),
 ('turnLeft', 100, 50),
 ('driveForward', 100, 150),
 ('driveForward', 100, 150),
 ('turnLeft', 100, 50),
 ('driveForward', 100, 150),
 ('driveForward', 100, 150),
 ('driveForward', 100, 150),
 ('turnLeft', 100, 50),
 ('driveForward', 100, 150),
 ('driveForward', 100, 150),
 ('driveForward', 100, 150),
 ('driveForward', 100, 150),
 ('driveForward', 100, 150),
 ('driveForward', 100, 150),
 ('turnLeft', 100, 50),
 ('driveForward', 100, 150),
 ('driveForward', 100, 150),
 ('driveForward', 100, 150),
 ('turnRight', 100, 50),
 ('driveForward', 100, 150),
 ('turnLeft', 100, 50),
 ('turnLeft', 100, 50),
 ('turnLeft', 100, 50),
 ('turnLeft', 100, 50),
 ('driveForward', 100, 150),
 ('turnRight', 100, 50),
 ('turnLeft', 100, 50),
 ('turnRight', 100, 50),
 ('turnLeft', 100, 50),
 ('turnRight', 100, 50),
 ('turnLeft', 100, 50),
 ('turnRight', 100, 50),
 ('turnLeft', 100, 50),
 ('turnRight', 100, 50),
 ('turnLeft', 100, 50),
 ('turnRight', 100, 50),
 ('turnLeft', 100, 50),
 ('turnRight', 100, 50),
 ('turnLeft', 100, 50),
 ('turnRight', 100, 50),
 ('turnLeft', 100, 50),
 ('turnRight', 100, 50),
 ('turnLeft', 100, 50),
 ('turnRight', 100, 50),
 ('turnLeft', 100, 50),
 ('turnRight', 100, 50),
 ('turnRight', 100, 50),
 ('driveForward', 100, 150),
 ('driveForward', 100, 150),
 ('turnRight', 100, 50),
 ('turnRight', 100, 50),
 ('turnRight', 100, 50),
 ('turnRight', 100, 50),
 ('turnRight', 100, 50),
 ('turnLeft', 100, 50),
 ('turnRight', 100, 50),
 ('turnLeft', 100, 50),
 ('turnRight', 100, 50),
 ('turnLeft', 100, 50),
 ('turnRight', 100, 50),
 ('turnLeft', 100, 50),
 ('driveForward', 100, 150),
 ('turnLeft', 100, 50),
 ('driveForward', 100, 150),
 ('driveForward', 100, 150),
 ('driveForward', 100, 150),
 ('turnLeft', 100, 50),
 ('driveForward', 100, 150),
 ('driveForward', 100, 150),
 ('turnRight', 100, 50),
 ('driveForward', 100, 150),
 ('turnRight', 100, 50),
 ('driveForward', 100, 150),
 ('turnRight', 100, 50),
 ('turnRight', 100, 50),
 ('driveForward', 100, 150),
 ('turnRight', 100, 50),
 ('driveForward', 100, 150),
 ('turnRight', 100, 50),
 ('turnRight', 100, 50),
 ('driveForward', 100, 150),
 ('turnRight', 100, 50),
 ('driveForward', 100, 150),
 ('turnRight', 100, 50),
 ('driveForward', 100, 150),
 ('turnRight', 100, 50),
 ('driveForward', 100, 150),
 ('turnRight', 100, 50),
 ('driveForward', 100, 150),
 ('turnRight', 100, 50),
 ('driveForward', 100, 150),
 ('turnRight', 100, 50),
 ('driveForward', 100, 150),
 ('driveForward', 100, 150),
 ('turnRight', 100, 50),
 ('driveForward', 100, 150)]

positions:
[(100, 811),
 (107.57606748036852, 843.0261034397396),
 (107.57606748036852, 843.0261034397396),
 (107.57606748036852, 843.0261034397396),
 (119.80267789055723, 873.5806137103602),
 (119.80267789055723, 873.5806137103602),
 (119.80267789055723, 873.5806137103602),
 (119.80267789055723, 873.5806137103602),
 (138.47111050504833, 900.6833391031728),
 (138.47111050504833, 900.6833391031728),
 (138.47111050504833, 900.6833391031728),
 (138.47111050504833, 900.6833391031728),
 (162.6607248678087, 922.9976989860136),
 (162.6607248678087, 922.9976989860136),
 (162.6607248678087, 922.9976989860136),
 (162.6607248678087, 922.9976989860136),
 (191.17860146287913, 939.4232526907851),
 (191.17860146287913, 939.4232526907851),
 (191.17860146287913, 939.4232526907851),
 (191.17860146287913, 939.4232526907851),
 (222.6183709685415, 949.1499681400425),
 (222.6183709685415, 949.1499681400425),
 (222.6183709685415, 949.1499681400425),
 (255.15050183286388, 954.1227502010828),
 (255.15050183286388, 954.1227502010828),
 (255.15050183286388, 954.1227502010828),
 (288.06031931476275, 954.2323554386463),
 (288.06031931476275, 954.2323554386463),
 (320.88776356885006, 951.9027623959047),
 (320.88776356885006, 951.9027623959047),
 (353.4522958044144, 947.1467829721802),
 (353.4522958044144, 947.1467829721802),
 (385.5748231495165, 939.9905732936444),
 (417.69735049461855, 932.8343636151086),
 (417.69735049461855, 932.8343636151086),
 (449.2012109405869, 923.3172801857721),
 (449.2012109405869, 923.3172801857721),
 (479.9131449176654, 911.4916634412818),
 (510.6250788947439, 899.6660466967916),
 (510.6250788947439, 899.6660466967916),
 (540.376182135585, 885.596933151411),
 (570.1272853764262, 871.5278196060304),
 (599.8783886172674, 857.4587060606499),
 (599.8783886172674, 857.4587060606499),
 (628.5050410678743, 841.2234706305072),
 (657.1316935184813, 824.9882352003646),
 (685.7583459690882, 808.7529997702219),
 (714.3849984196951, 792.5177643400792),
 (743.011650870302, 776.2825289099366),
 (771.6383033209089, 760.0472934797939),
 (771.6383033209089, 760.0472934797939),
 (798.9830689903606, 741.7352239494875),
 (826.3278346598123, 723.4231544191811),
 (853.672600329264, 705.1110848888746),
 (853.672600329264, 705.1110848888746),
 (882.2992527798709, 688.875849458732),
 (882.2992527798709, 688.875849458732),
 (882.2992527798709, 688.875849458732),
 (882.2992527798709, 688.875849458732),
 (882.2992527798709, 688.875849458732),
 (904.9283332064015, 664.9803934252177),
 (904.9283332064015, 664.9803934252177),
 (904.9283332064015, 664.9803934252177),
 (904.9283332064015, 664.9803934252177),
 (904.9283332064015, 664.9803934252177),
 (904.9283332064015, 664.9803934252177),
 (904.9283332064015, 664.9803934252177),
 (904.9283332064015, 664.9803934252177),
 (904.9283332064015, 664.9803934252177),
 (904.9283332064015, 664.9803934252177),
 (904.9283332064015, 664.9803934252177),
 (904.9283332064015, 664.9803934252177),
 (904.9283332064015, 664.9803934252177),
 (904.9283332064015, 664.9803934252177),
 (904.9283332064015, 664.9803934252177),
 (904.9283332064015, 664.9803934252177),
 (904.9283332064015, 664.9803934252177),
 (904.9283332064015, 664.9803934252177),
 (904.9283332064015, 664.9803934252177),
 (904.9283332064015, 664.9803934252177),
 (904.9283332064015, 664.9803934252177),
 (904.9283332064015, 664.9803934252177),
 (904.9283332064015, 664.9803934252177),
 (930.84082600652, 644.692199398055),
 (956.7533188066386, 624.4040053708923),
 (956.7533188066386, 624.4040053708923),
 (956.7533188066386, 624.4040053708923),
 (956.7533188066386, 624.4040053708923),
 (956.7533188066386, 624.4040053708923),
 (956.7533188066386, 624.4040053708923),
 (956.7533188066386, 624.4040053708923),
 (956.7533188066386, 624.4040053708923),
 (956.7533188066386, 624.4040053708923),
 (956.7533188066386, 624.4040053708923),
 (956.7533188066386, 624.4040053708923),
 (956.7533188066386, 624.4040053708923),
 (956.7533188066386, 624.4040053708923),
 (987.4652527837171, 612.578388626402),
 (987.4652527837171, 612.578388626402),
 (1017.2163560245583, 598.5092750810214),
 (1046.9674592653994, 584.4401615356409),
 (1076.7185625062405, 570.3710479902603),
 (1076.7185625062405, 570.3710479902603),
 (1105.3452149568475, 554.1358125601176),
 (1133.9718674074545, 537.900577129975),
 (1133.9718674074545, 537.900577129975),
 (1163.7229706482956, 523.8314635845944),
 (1163.7229706482956, 523.8314635845944),
 (1194.4349046253742, 512.0058468401041),
 (1194.4349046253742, 512.0058468401041),
 (1194.4349046253742, 512.0058468401041),
 (1226.5574319704763, 504.8496371615684),
 (1226.5574319704763, 504.8496371615684),
 (1259.1219642060405, 500.09365773784384),
 (1259.1219642060405, 500.09365773784384),
 (1259.1219642060405, 500.09365773784384),
 (1292.0317816879394, 500.20326297540737),
 (1292.0317816879394, 500.20326297540737),
 (1324.8429805846802, 502.7514637050451),
 (1324.8429805846802, 502.7514637050451),
 (1357.3751114490026, 507.72424576608546),
 (1357.3751114490026, 507.72424576608546),
 (1389.4492596045143, 515.0942606981114),
 (1389.4492596045143, 515.0942606981114),
 (1420.8890291101766, 524.8209761473687),
 (1420.8890291101766, 524.8209761473687),
 (1451.5215128726788, 536.8508987797067),
 (1451.5215128726788, 536.8508987797067),
 (1481.1782435714413, 551.1178684741122),
 (1510.8349742702037, 565.3848381685178),
 (1510.8349742702037, 565.3848381685178),
 (1539.3528508652741, 581.8103918732894)]

orientations:
[76.69082130459952,
 76.69082130459952,
 72.44082130459952,
 68.19082130459952,
 68.19082130459952,
 63.940821304599524,
 59.690821304599524,
 55.440821304599524,
 55.440821304599524,
 51.190821304599524,
 46.940821304599524,
 42.690821304599524,
 42.690821304599524,
 38.440821304599524,
 34.190821304599524,
 29.940821304599524,
 29.940821304599524,
 25.690821304599524,
 21.440821304599524,
 17.190821304599524,
 17.190821304599524,
 12.940821304599524,
 8.690821304599524,
 8.690821304599524,
 4.440821304599523,
 0.19082130459952218,
 0.19082130459952218,
 -4.059178695400479,
 -4.059178695400479,
 -8.30917869540048,
 -8.30917869540048,
 -12.55917869540048,
 -12.55917869540048,
 -12.55917869540048,
 -16.80917869540048,
 -16.80917869540048,
 -21.05917869540048,
 -21.05917869540048,
 -21.05917869540048,
 -25.30917869540048,
 -25.30917869540048,
 -25.30917869540048,
 -25.30917869540048,
 -29.55917869540048,
 -29.55917869540048,
 -29.55917869540048,
 -29.55917869540048,
 -29.55917869540048,
 -29.55917869540048,
 -29.55917869540048,
 -33.80917869540048,
 -33.80917869540048,
 -33.80917869540048,
 -33.80917869540048,
 -29.559178695400483,
 -29.559178695400483,
 -33.80917869540048,
 -38.05917869540048,
 -42.30917869540048,
 -46.55917869540048,
 -46.55917869540048,
 -42.30917869540048,
 -46.55917869540048,
 -42.30917869540048,
 -46.55917869540048,
 -42.30917869540048,
 -46.55917869540048,
 -42.30917869540048,
 -46.55917869540048,
 -42.30917869540048,
 -46.55917869540048,
 -42.30917869540048,
 -46.55917869540048,
 -42.30917869540048,
 -46.55917869540048,
 -42.30917869540048,
 -46.55917869540048,
 -42.30917869540048,
 -46.55917869540048,
 -42.30917869540048,
 -46.55917869540048,
 -42.30917869540048,
 -38.05917869540048,
 -38.05917869540048,
 -38.05917869540048,
 -33.80917869540048,
 -29.559178695400483,
 -25.309178695400483,
 -21.059178695400483,
 -16.809178695400483,
 -21.059178695400483,
 -16.809178695400483,
 -21.059178695400483,
 -16.809178695400483,
 -21.059178695400483,
 -16.809178695400483,
 -21.059178695400483,
 -21.059178695400483,
 -25.309178695400483,
 -25.309178695400483,
 -25.309178695400483,
 -25.309178695400483,
 -29.559178695400483,
 -29.559178695400483,
 -29.559178695400483,
 -25.309178695400483,
 -25.309178695400483,
 -21.059178695400483,
 -21.059178695400483,
 -16.809178695400483,
 -12.559178695400483,
 -12.559178695400483,
 -8.309178695400483,
 -8.309178695400483,
 -4.059178695400482,
 0.19082130459951863,
 0.19082130459951863,
 4.4408213045995195,
 4.4408213045995195,
 8.69082130459952,
 8.69082130459952,
 12.94082130459952,
 12.94082130459952,
 17.19082130459952,
 17.19082130459952,
 21.44082130459952,
 21.44082130459952,
 25.69082130459952,
 25.69082130459952,
 25.69082130459952,
 29.94082130459952,
 29.94082130459952]