actions:
[('init', None, 100),
 ('driveForward', 100, 150),
 ('driveForward', 100, 150),
 ('driveForward', 100, 150),
 ('driveForward', 100, 150),
 ('turnRight', 100, 50),
 ('driveForward', 100, 150),
 ('driveForward', 100, 150),
 ('turnRight', 100, 50),
 ('driveForward', 100, 150),
 ('driveForward', 100, 150),
 ('turnRight', 100, 50),
 ('driveForward', 100, 150),
 ('driveForward', 100, 150),
 ('driveForward', 100, 150),
 ('turnRight', 100, 50),
 ('driveForward', 100, 150),
 ('driveForward', 100, 150),
 ('turnRight', 100, 50),
 ('driveForward', 100, 150),
 ('driveForward', 100, 150),
 ('turnRight', 100, 50),
 ('driveForward', 100, 150),
 ('driveForward', 100, 150),
 ('driveForward', 100, 150),
 ('turnRight', 100, 50),
 ('driveForward', 100, 150),
 ('driveForward', 100, 150),
 ('driveForward', 100, 150),
 ('turnRight', 100, 50),
 ('driveForward', 100, 150),
 ('driveForward', 100, 150),
 ('driveForward', 100, 150),
 ('driveForward', 100, 150),
 ('turnRight', 100, 50),
 ('driveForward', 100, 150),
 ('driveForward', 100, 150),
 ('driveForward', 100, 150),
 ('driveForward', 100, 150),
 ('driveForward', 100, 150),
 ('driveForward', 100, 150),
 ('driveForward', 100, 150),
 ('turnLeft', 100, 50),
 ('turnLeft', 100, 50),
 ('turnLeft', 100, 50),
 ('turnLeft', 100, 50),
 ('turnLeft', 100, 50),
 ('turnLeft', 100, 50),
 ('turnLeft', 100, 50),
 ('turnLeft', 100, 50),
 ('turnLeft', 100, 50),
 ('turnLeft', 100, 50),
 ('turnLeft', 100, 50),
 ('turnLeft', 100, 50),
 ('turnLeft', 100, 50),
 ('turnLeft', 100, 50),
 ('turnLeft', 100, 50),
 ('turnRight', 100, 50),
 ('turnLeft', 100, 50),
 ('turnRight', 100, 50),
 ('turnLeft', 100, 50),
 ('turnRight', 100, 50),
 ('turnLeft', 100, 50),
 ('turnRight', 100, 50),
 ('turnLeft', 100, 50),
 ('turnRight', 100, 50),
 ('turnLeft', 100, 50),
 ('turnRight', 100, 50),
 ('turnLeft', 100, 50),
 ('turnRight', 100, 50),
 ('turnRight', 100, 50),
 ('turnLeft', 100, 50),
 ('turnLeft', 100, 50),
 ('turnRight', 100, 50),
 ('turnLeft', 100, 50),
 ('turnRight', 100, 50),
 ('turnLeft', 100, 50),
 ('turnRight', 100, 50),
 ('turnRight', 100, 50),
 ('turnRight', 100, 50),
 ('turnRight', 100, 50),
 ('turnRight', 100, 50),
 ('turnRight', 100, 50),
 ('turnLeft', 100, 50),
 ('turnRight', 100, 50),
 ('turnLeft', 100, 50),
 ('turnRight', 100, 50),
 ('turnLeft', 100, 50),
 ('turnRight', 100, 50),
 ('turnLeft', 100, 50),
 ('turnRight', 100, 50),
 ('turnLeft', 100, 50),
 ('turnRight', 100, 50),
 ('turnLeft', 100, 50),
 ('turnRight', 100, 50),
 ('turnLeft', 100, 50),
 ('turnRight', 100, 50),
 ('turnLeft', 100, 50),
 ('driveForward', 100, 150),
 ('turnLeft', 100, 50),
 ('turnRight', 100, 50),
 ('turnLeft', 100, 50),
 ('turnRight', 100, 50),
 ('turnLeft', 100, 50),
 ('turnRight', 100, 50),
 ('turnLeft', 100, 50),
 ('turnLeft', 100, 50),
 ('turnLeft', 100, 50),
 ('turnLeft', 100, 50),
 ('driveForward', 100, 150),
 ('turnLeft', 100, 50),
 ('turnLeft', 100, 50),
 ('driveForward', 100, 150),
 ('turnLeft', 100, 50),
 ('turnLeft', 100, 50),
 ('driveForward', 100, 150),
 ('turnLeft', 100, 50),
 ('driveForward', 100, 150),
 ('turnLeft', 100, 50),
 ('driveForward', 100, 150),
 ('turnLeft', 100, 50),
 ('driveForward', 100, 150),
 ('turnLeft', 100, 50),
 ('driveForward', 100, 150),
 ('driveForward', 100, 150),
 ('turnLeft', 100, 50),
 ('turnLeft', 100, 50),
 ('driveForward', 100, 150),
 ('driveForward', 100, 150),
 ('driveForward', 100, 150),
 ('driveForward', 100, 150),
 ('turnRight', 100, 50),
 ('driveForward', 100, 150),
 ('driveForward', 100, 150),
 ('turnRight', 100, 50),
 ('driveForward', 100, 150),
 ('turnRight', 100, 50),
 ('driveForward', 100, 150),
 ('driveForward', 100, 150),
 ('turnRight', 100, 50),
 ('driveForward', 100, 150),
 ('driveForward', 100, 150),
 ('turnRight', 100, 50),
 ('driveForward', 100, 150),
 ('turnRight', 100, 50),
 ('driveForward', 100, 150),
 ('driveForward', 100, 150)]

positions:
[(100, 488),
 (132.90807701297018, 487.6442370052652),
 (165.81615402594036, 487.2884740105304),
 (198.72423103891055, 486.93271101579563),
 (231.63230805188073, 486.57694802106084),
 (231.63230805188073, 486.57694802106084),
 (264.47625900274056, 488.66093121137516),
 (297.3202099536004, 490.74491440168947),
 (297.3202099536004, 490.74491440168947),
 (329.919405270917, 495.2571826409946),
 (362.51860058823365, 499.7694508802997),
 (362.51860058823365, 499.7694508802997),
 (394.6937567659504, 506.6851883637165),
 (426.86891294366717, 513.6009258471333),
 (459.0440691213839, 520.5166633305502),
 (459.0440691213839, 520.5166633305502),
 (490.61823471173307, 529.7978360621188),
 (522.1924003020822, 539.0790087936874),
 (522.1924003020822, 539.0790087936874),
 (552.9919290830404, 550.6745737592648),
 (583.7914578639986, 562.2701387248422),
 (583.7914578639986, 562.2701387248422),
 (613.6469638292245, 576.116324609784),
 (643.5024697944505, 589.9625104947257),
 (673.3579757596764, 603.8086963796675),
 (673.3579757596764, 603.8086963796675),
 (702.1052646788388, 619.8293542874502),
 (730.8525535980012, 635.8500121952329),
 (759.5998425171637, 651.8706701030156),
 (759.5998425171637, 651.8706701030156),
 (787.080814943424, 669.9776923459775),
 (814.5617873696843, 688.0847145889394),
 (842.0427597959447, 706.1917368319013),
 (869.523732222205, 724.2987590748631),
 (869.523732222205, 724.2987590748631),
 (895.5872529806467, 744.3925637338689),
 (921.6507737390883, 764.4863683928747),
 (947.71429449753, 784.5801730518806),
 (973.7778152559716, 804.6739777108864),
 (999.8413360144133, 824.7677823698923),
 (1025.9048567728548, 844.8615870288982),
 (1051.9683775312965, 864.955391687904),
 (1051.9683775312965, 864.955391687904),
 (1051.9683775312965, 864.955391687904),
 (1051.9683775312965, 864.955391687904),
 (1051.9683775312965, 864.955391687904),
 (1051.9683775312965, 864.955391687904),
 (1051.9683775312965, 864.955391687904),
 (1051.9683775312965, 864.955391687904),
 (1051.9683775312965, 864.955391687904),
 (1051.9683775312965, 864.955391687904),
 (1051.9683775312965, 864.955391687904),
 (1051.9683775312965, 864.955391687904),
 (1051.9683775312965, 864.955391687904),
 (1051.9683775312965, 864.955391687904),
 (1051.9683775312965, 864.955391687904),
 (1051.9683775312965, 864.955391687904),
 (1051.9683775312965, 864.955391687904),
 (1051.9683775312965, 864.955391687904),
 (1051.9683775312965, 864.955391687904),
 (1051.9683775312965, 864.955391687904),
 (1051.9683775312965, 864.955391687904),
 (1051.9683775312965, 864.955391687904),
 (1051.9683775312965, 864.955391687904),
 (1051.9683775312965, 864.955391687904),
 (1051.9683775312965, 864.955391687904),
 (1051.9683775312965, 864.955391687904),
 (1051.9683775312965, 864.955391687904),
 (1051.9683775312965, 864.955391687904),
 (1051.9683775312965, 864.955391687904),
 (1051.9683775312965, 864.955391687904),
 (1051.9683775312965, 864.955391687904),
 (1051.9683775312965, 864.955391687904),
 (1051.9683775312965, 864.955391687904),
 (1051.9683775312965, 864.955391687904),
 (1051.9683775312965, 864.955391687904),
 (1051.9683775312965, 864.955391687904),
 (1051.9683775312965, 864.955391687904),
 (1051.9683775312965, 864.955391687904),
 (1051.9683775312965, 864.955391687904),
 (1051.9683775312965, 864.955391687904),
 (1051.9683775312965, 864.955391687904),
 (1051.9683775312965, 864.955391687904),
 (1051.9683775312965, 864.955391687904),
 (1051.9683775312965, 864.955391687904),
 (1051.9683775312965, 864.955391687904),
 (1051.9683775312965, 864.955391687904),
 (1051.9683775312965, 864.955391687904),
 (1051.9683775312965, 864.955391687904),
 (1051.9683775312965, 864.955391687904),
 (1051.9683775312965, 864.955391687904),
 (1051.9683775312965, 864.955391687904),
 (1051.9683775312965, 864.955391687904),
 (1051.9683775312965, 864.955391687904),
 (1051.9683775312965, 864.955391687904),
 (1051.9683775312965, 864.955391687904),
 (1051.9683775312965, 864.955391687904),
 (1051.9683775312965, 864.955391687904),
 (1084.7595983653418, 862.161839072888),
 (1084.7595983653418, 862.161839072888),
 (1084.7595983653418, 862.161839072888),
 (1084.7595983653418, 862.161839072888),
 (1084.7595983653418, 862.161839072888),
 (1084.7595983653418, 862.161839072888),
 (1084.7595983653418, 862.161839072888),
 (1084.7595983653418, 862.161839072888),
 (1084.7595983653418, 862.161839072888),
 (1084.7595983653418, 862.161839072888),
 (1084.7595983653418, 862.161839072888),
 (1115.3012430624888, 849.9031262859256),
 (1115.3012430624888, 849.9031262859256),
 (1115.3012430624888, 849.9031262859256),
 (1143.6954610428825, 833.2647223576072),
 (1143.6954610428825, 833.2647223576072),
 (1143.6954610428825, 833.2647223576072),
 (1169.3184803664667, 812.6121442923093),
 (1169.3184803664667, 812.6121442923093),
 (1193.340509750657, 790.1174737175909),
 (1193.340509750657, 790.1174737175909),
 (1215.6294369267707, 765.9044229941092),
 (1215.6294369267707, 765.9044229941092),
 (1236.0626810466772, 740.1061549371968),
 (1236.0626810466772, 740.1061549371968),
 (1254.527866832083, 712.8645504706745),
 (1272.9930526174887, 685.6229460041523),
 (1272.9930526174887, 685.6229460041523),
 (1272.9930526174887, 685.6229460041523),
 (1287.2288487647577, 655.9512388059912),
 (1301.4646449120266, 626.2795316078302),
 (1315.7004410592956, 596.6078244096692),
 (1329.9362372065646, 566.9361172115082),
 (1329.9362372065646, 566.9361172115082),
 (1346.3318129714428, 538.4009950751279),
 (1362.727388736321, 509.8658729387476),
 (1362.727388736321, 509.8658729387476),
 (1381.1925745217268, 482.6242684722253),
 (1381.1925745217268, 482.6242684722253),
 (1401.6258186416333, 456.826000415313),
 (1422.0590627615397, 431.02773235840067),
 (1422.0590627615397, 431.02773235840067),
 (1444.3479899376534, 406.814681634919),
 (1466.6369171137671, 382.6016309114373),
 (1466.6369171137671, 382.6016309114373),
 (1490.6589464979575, 360.106960336719),
 (1490.6589464979575, 360.106960336719),
 (1516.2819658215417, 339.454382271421),
 (1541.904985145126, 318.80180420612305)]

orientations:
[-0.6193897032181166,
 -0.6193897032181166,
 -0.6193897032181166,
 -0.6193897032181166,
 -0.6193897032181166,
 3.6306102967818843,
 3.6306102967818843,
 3.6306102967818843,
 7.880610296781885,
 7.880610296781885,
 7.880610296781885,
 12.130610296781885,
 12.130610296781885,
 12.130610296781885,
 12.130610296781885,
 16.380610296781885,
 16.380610296781885,
 16.380610296781885,
 20.630610296781885,
 20.630610296781885,
 20.630610296781885,
 24.880610296781885,
 24.880610296781885,
 24.880610296781885,
 24.880610296781885,
 29.130610296781885,
 29.130610296781885,
 29.130610296781885,
 29.130610296781885,
 33.38061029678189,
 33.38061029678189,
 33.38061029678189,
 33.38061029678189,
 33.38061029678189,
 37.63061029678189,
 37.63061029678189,
 37.63061029678189,
 37.63061029678189,
 37.63061029678189,
 37.63061029678189,
 37.63061029678189,
 37.63061029678189,
 33.38061029678189,
 29.13061029678189,
 24.88061029678189,
 20.63061029678189,
 16.38061029678189,
 12.130610296781889,
 7.880610296781888,
 3.630610296781887,
 -0.6193897032181139,
 -4.869389703218115,
 -9.119389703218115,
 -13.369389703218115,
 -17.619389703218115,
 -21.869389703218115,
 -26.119389703218115,
 -21.869389703218115,
 -26.119389703218115,
 -21.869389703218115,
 -26.119389703218115,
 -21.869389703218115,
 -26.119389703218115,
 -21.869389703218115,
 -26.119389703218115,
 -21.869389703218115,
 -26.119389703218115,
 -21.869389703218115,
 -26.119389703218115,
 -21.869389703218115,
 -17.619389703218115,
 -21.869389703218115,
 -26.119389703218115,
 -21.869389703218115,
 -26.119389703218115,
 -21.869389703218115,
 -26.119389703218115,
 -21.869389703218115,
 -17.619389703218115,
 -13.369389703218115,
 -9.119389703218115,
 -4.869389703218114,
 -0.619389703218113,
 -4.869389703218114,
 -0.619389703218113,
 -4.869389703218114,
 -0.619389703218113,
 -4.869389703218114,
 -0.619389703218113,
 -4.869389703218114,
 -0.619389703218113,
 -4.869389703218114,
 -0.619389703218113,
 -4.869389703218114,
 -0.619389703218113,
 -4.869389703218114,
 -0.619389703218113,
 -4.869389703218114,
 -4.869389703218114,
 -9.119389703218115,
 -4.869389703218114,
 -9.119389703218115,
 -4.869389703218114,
 -9.119389703218115,
 -4.869389703218114,
 -9.119389703218115,
 -13.369389703218115,
 -17.619389703218115,
 -21.869389703218115,
 -21.869389703218115,
 -26.119389703218115,
 -30.369389703218115,
 -30.369389703218115,
 -34.61938970321812,
 -38.86938970321812,
 -38.86938970321812,
 -43.11938970321812,
 -43.11938970321812,
 -47.36938970321812,
 -47.36938970321812,
 -51.61938970321812,
 -51.61938970321812,
 -55.86938970321812,
 -55.86938970321812,
 -55.86938970321812,
 -60.11938970321812,
 -64.36938970321812,
 -64.36938970321812,
 -64.36938970321812,
 -64.36938970321812,
 -64.36938970321812,
 -60.11938970321812,
 -60.11938970321812,
 -60.11938970321812,
 -55.86938970321812,
 -55.86938970321812,
 -51.61938970321812,
 -51.61938970321812,
 -51.61938970321812,
 -47.36938970321812,
 -47.36938970321812,
 -47.36938970321812,
 -43.11938970321812,
 -43.11938970321812,
 -38.86938970321812,
 -38.86938970321812,
 -38.86938970321812]