actions:
[('init', None, 100),
 ('turnLeft', 100, 50),
 ('driveForward', 100, 150),
 ('driveForward', 100, 150),
 ('driveForward', 100, 150),
 ('driveForward', 100, 150),
 ('driveForward', 100, 150),
 ('driveForward', 100, 150),
 ('driveForward', 100, 150),
 ('turnLeft', 100, 50),
 ('driveForward', 100, 150),
 ('turnLeft', 100, 50),
 ('turnRight', 100, 50),
 ('turnLeft', 100, 50),
 ('turnRight', 100, 50),
 ('turnLeft', 100, 50),
 ('turnRight', 100, 50),
 ('turnLeft', 100, 50),
 ('turnRight', 100, 50),
 ('turnLeft', 100, 50),
 ('turnRight', 100, 50),
 ('driveForward', 100, 150),
 ('turnLeft', 100, 50),
 ('turnRight', 100, 50),
 ('turnLeft', 100, 50),
 ('turnRight', 100, 50),
 ('turnLeft', 100, 50),
 ('turnRight', 100, 50),
 ('turnLeft', 100, 50),
 ('turnRight', 100, 50),
 ('turnLeft', 100, 50),
 ('turnRight', 100, 50),
 ('turnLeft', 100, 50),
 ('turnRight', 100, 50),
 ('turnLeft', 100, 50),
 ('turnRight', 100, 50),
 ('turnLeft', 100, 50),
 ('turnRight', 100, 50),
 ('turnLeft', 100, 50),
 ('turnRight', 100, 50),
 ('turnLeft', 100, 50),
 ('turnRight', 100, 50),
 ('turnRight', 100, 50),
 ('turnLeft', 100, 50),
 ('turnLeft', 100, 50),
 ('turnRight', 100, 50),
 ('turnRight', 100, 50),
 ('turnLeft', 100, 50),
 ('turnLeft', 100, 50),
 ('turnRight', 100, 50),
 ('turnRight', 100, 50),
 ('turnLeft', 100, 50),
 ('turnRight', 100, 50),
 ('turnLeft', 100, 50),
 ('turnRight', 100, 50),
 ('turnLeft', 100, 50),
 ('turnRight', 100, 50),
 ('turnLeft', 100, 50),
 ('turnRight', 100, 50),
 ('turnLeft', 100, 50),
 ('turnRight', 100, 50),
 ('turnLeft', 100, 50),
 ('turnRight', 100, 50),
 ('turnLeft', 100, 50),
 ('turnRight', 100, 50),
 ('turnLeft', 100, 50),
 ('turnRight', 100, 50),
 ('turnLeft', 100, 50),
 ('turnRight', 100, 50),
 ('turnLeft', 100, 50),
 ('turnRight', 100, 50),
 ('turnLeft', 100, 50),
 ('turnRight', 100, 50),
 ('turnLeft', 100, 50),
 ('driveForward', 100, 150),
 ('turnRight', 100, 50),
 ('turnLeft', 100, 50),
 ('driveForward', 100, 150),
 ('driveForward', 100, 150),
 ('turnLeft', 100, 50),
 ('turnLeft', 100, 50),
 ('driveForward', 100, 150),
 ('driveForward', 100, 150),
 ('driveForward', 100, 150),
 ('driveForward', 100, 150),
 ('turnLeft', 100, 50),
 ('turnRight', 100, 50),
 ('turnRight', 100, 50),
 ('turnRight', 100, 50),
 ('turnRight', 100, 50),
 ('turnRight', 100, 50),
 ('turnRight', 100, 50),
 ('turnRight', 100, 50),
 ('turnRight', 100, 50),
 ('turnRight', 100, 50),
 ('turnRight', 100, 50),
 ('turnRight', 100, 50),
 ('turnRight', 100, 50),
 ('turnRight', 100, 50),
 ('turnRight', 100, 50),
 ('turnRight', 100, 50),
 ('turnRight', 100, 50),
 ('turnRight', 100, 50),
 ('turnRight', 100, 50),
 ('turnRight', 100, 50),
 ('turnRight', 100, 50),
 ('turnRight', 100, 50),
 ('turnRight', 100, 50),
 ('turnRight', 100, 50),
 ('turnRight', 100, 50),
 ('turnRight', 100, 50),
 ('turnRight', 100, 50),
 ('turnRight', 100, 50),
 ('turnRight', 100, 50),
 ('turnRight', 100, 50),
 ('turnRight', 100, 50),
 ('turnRight', 100, 50),
 ('turnRight', 100, 50),
 ('turnRight', 100, 50),
 ('turnRight', 100, 50),
 ('turnRight', 100, 50),
 ('turnRight', 100, 50),
 ('turnRight', 100, 50),
 ('turnRight', 100, 50),
 ('turnRight', 100, 50),
 ('turnRight', 100, 50),
 ('turnRight', 100, 50),
 ('turnRight', 100, 50),
 ('turnRight', 100, 50),
 ('driveForward', 100, 150),
 ('driveForward', 100, 150),
 ('turnRight', 100, 50),
 ('driveForward', 100, 150),
 ('driveForward', 100, 150),
 ('driveForward', 100, 150),
 ('driveForward', 100, 150),
 ('turnRight', 100, 50),
 ('driveForward', 100, 150),
 ('turnRight', 100, 50),
 ('turnLeft', 100, 50),
 ('turnRight', 100, 50),
 ('turnLeft', 100, 50),
 ('turnRight', 100, 50),
 ('turnLeft', 100, 50),
 ('turnRight', 100, 50),
 ('turnLeft', 100, 50),
 ('turnRight', 100, 50),
 ('turnLeft', 100, 50),
 ('turnRight', 100, 50),
 ('turnLeft', 100, 50),
 ('turnRight', 100, 50),
 ('turnLeft', 100, 50),
 ('turnRight', 100, 50),
 ('turnRight', 100, 50),
 ('turnLeft', 100, 50),
 ('turnLeft', 100, 50),
 ('turnRight', 100, 50),
 ('turnRight', 100, 50),
 ('turnLeft', 100, 50),
 ('turnLeft', 100, 50),
 ('turnRight', 100, 50),
 ('turnRight', 100, 50),
 ('turnLeft', 100, 50),
 ('turnLeft', 100, 50),
 ('turnRight', 100, 50),
 ('turnRight', 100, 50),
 ('turnLeft', 100, 50),
 ('turnLeft', 100, 50),
 ('turnRight', 100, 50),
 ('turnRight', 100, 50),
 ('turnLeft', 100, 50),
 ('turnLeft', 100, 50),
 ('turnRight', 100, 50),
 ('driveForward', 100, 150),
 ('driveForward', 100, 150),
 ('driveForward', 100, 150),
 ('driveForward', 100, 150),
 ('driveForward', 100, 150),
 ('driveForward', 100, 150),
 ('driveForward', 100, 150)]

positions:
[(100, 159),
 (100, 159),
 (118.6773874618292, 186.09655508732993),
 (137.3547749236584, 213.19311017465986),
 (156.0321623854876, 240.2896652619898),
 (174.7095498473168, 267.38622034931973),
 (193.386937309146, 294.48277543664966),
 (212.0643247709752, 321.5793305239796),
 (230.7417122328044, 348.6758856113095),
 (230.7417122328044, 348.6758856113095),
 (251.37582512330687, 374.3137772021171),
 (251.37582512330687, 374.3137772021171),
 (251.37582512330687, 374.3137772021171),
 (251.37582512330687, 374.3137772021171),
 (251.37582512330687, 374.3137772021171),
 (251.37582512330687, 374.3137772021171),
 (251.37582512330687, 374.3137772021171),
 (251.37582512330687, 374.3137772021171),
 (251.37582512330687, 374.3137772021171),
 (251.37582512330687, 374.3137772021171),
 (251.37582512330687, 374.3137772021171),
 (272.00993801380935, 399.95166879292464),
 (272.00993801380935, 399.95166879292464),
 (272.00993801380935, 399.95166879292464),
 (272.00993801380935, 399.95166879292464),
 (272.00993801380935, 399.95166879292464),
 (272.00993801380935, 399.95166879292464),
 (272.00993801380935, 399.95166879292464),
 (272.00993801380935, 399.95166879292464),
 (272.00993801380935, 399.95166879292464),
 (272.00993801380935, 399.95166879292464),
 (272.00993801380935, 399.95166879292464),
 (272.00993801380935, 399.95166879292464),
 (272.00993801380935, 399.95166879292464),
 (272.00993801380935, 399.95166879292464),
 (272.00993801380935, 399.95166879292464),
 (272.00993801380935, 399.95166879292464),
 (272.00993801380935, 399.95166879292464),
 (272.00993801380935, 399.95166879292464),
 (272.00993801380935, 399.95166879292464),
 (272.00993801380935, 399.95166879292464),
 (272.00993801380935, 399.95166879292464),
 (272.00993801380935, 399.95166879292464),
 (272.00993801380935, 399.95166879292464),
 (272.00993801380935, 399.95166879292464),
 (272.00993801380935, 399.95166879292464),
 (272.00993801380935, 399.95166879292464),
 (272.00993801380935, 399.95166879292464),
 (272.00993801380935, 399.95166879292464),
 (272.00993801380935, 399.95166879292464),
 (272.00993801380935, 399.95166879292464),
 (272.00993801380935, 399.95166879292464),
 (272.00993801380935, 399.95166879292464),
 (272.00993801380935, 399.95166879292464),
 (272.00993801380935, 399.95166879292464),
 (272.00993801380935, 399.95166879292464),
 (272.00993801380935, 399.95166879292464),
 (272.00993801380935, 399.95166879292464),
 (272.00993801380935, 399.95166879292464),
 (272.00993801380935, 399.95166879292464),
 (272.00993801380935, 399.95166879292464),
 (272.00993801380935, 399.95166879292464),
 (272.00993801380935, 399.95166879292464),
 (272.00993801380935, 399.95166879292464),
 (272.00993801380935, 399.95166879292464),
 (272.00993801380935, 399.95166879292464),
 (272.00993801380935, 399.95166879292464),
 (272.00993801380935, 399.95166879292464),
 (272.00993801380935, 399.95166879292464),
 (272.00993801380935, 399.95166879292464),
 (272.00993801380935, 399.95166879292464),
 (272.00993801380935, 399.95166879292464),
 (272.00993801380935, 399.95166879292464),
 (272.00993801380935, 399.95166879292464),
 (292.6440509043118, 425.5895603837322),
 (292.6440509043118, 425.5895603837322),
 (292.6440509043118, 425.5895603837322),
 (313.2781637948143, 451.22745197453975),
 (333.9122766853168, 476.8653435653473),
 (333.9122766853168, 476.8653435653473),
 (333.9122766853168, 476.8653435653473),
 (358.1092633190664, 499.17170897628193),
 (382.30624995281596, 521.4780743872166),
 (406.50323658656555, 543.7844397981512),
 (430.70022322031514, 566.0908052090858),
 (430.70022322031514, 566.0908052090858),
 (430.70022322031514, 566.0908052090858),
 (430.70022322031514, 566.0908052090858),
 (430.70022322031514, 566.0908052090858),
 (430.70022322031514, 566.0908052090858),
 (430.70022322031514, 566.0908052090858),
 (430.70022322031514, 566.0908052090858),
 (430.70022322031514, 566.0908052090858),
 (430.70022322031514, 566.0908052090858),
 (430.70022322031514, 566.0908052090858),
 (430.70022322031514, 566.0908052090858),
 (430.70022322031514, 566.0908052090858),
 (430.70022322031514, 566.0908052090858),
 (430.70022322031514, 566.0908052090858),
 (430.70022322031514, 566.0908052090858),
 (430.70022322031514, 566.0908052090858),
 (430.70022322031514, 566.0908052090858),
 (430.70022322031514, 566.0908052090858),
 (430.70022322031514, 566.0908052090858),
 (430.70022322031514, 566.0908052090858),
 (430.70022322031514, 566.0908052090858),
 (430.70022322031514, 566.0908052090858),
 (430.70022322031514, 566.0908052090858),
 (430.70022322031514, 566.0908052090858),
 (430.70022322031514, 566.0908052090858),
 (430.70022322031514, 566.0908052090858),
 (430.70022322031514, 566.0908052090858),
 (430.70022322031514, 566.0908052090858),
 (430.70022322031514, 566.0908052090858),
 (430.70022322031514, 566.0908052090858),
 (430.70022322031514, 566.0908052090858),
 (430.70022322031514, 566.0908052090858),
 (430.70022322031514, 566.0908052090858),
 (430.70022322031514, 566.0908052090858),
 (430.70022322031514, 566.0908052090858),
 (430.70022322031514, 566.0908052090858),
 (430.70022322031514, 566.0908052090858),
 (430.70022322031514, 566.0908052090858),
 (430.70022322031514, 566.0908052090858),
 (430.70022322031514, 566.0908052090858),
 (430.70022322031514, 566.0908052090858),
 (430.70022322031514, 566.0908052090858),
 (430.70022322031514, 566.0908052090858),
 (430.70022322031514, 566.0908052090858),
 (405.9276157152531, 544.4254869007816),
 (381.1550082101911, 522.7601685924774),
 (381.1550082101911, 522.7601685924774),
 (358.0561048198023, 499.3185653588783),
 (334.95720142941343, 475.8769621252792),
 (311.8582980390246, 452.4353588916801),
 (288.75939464863575, 428.993755658081),
 (288.75939464863575, 428.993755658081),
 (267.461230790377, 403.9047876389145),
 (267.461230790377, 403.9047876389145),
 (267.461230790377, 403.9047876389145),
 (267.461230790377, 403.9047876389145),
 (267.461230790377, 403.9047876389145),
 (267.461230790377, 403.9047876389145),
 (267.461230790377, 403.9047876389145),
 (267.461230790377, 403.9047876389145),
 (267.461230790377, 403.9047876389145),
 (267.461230790377, 403.9047876389145),
 (267.461230790377, 403.9047876389145),
 (267.461230790377, 403.9047876389145),
 (267.461230790377, 403.9047876389145),
 (267.461230790377, 403.9047876389145),
 (267.461230790377, 403.9047876389145),
 (267.461230790377, 403.9047876389145),
 (267.461230790377, 403.9047876389145),
 (267.461230790377, 403.9047876389145),
 (267.461230790377, 403.9047876389145),
 (267.461230790377, 403.9047876389145),
 (267.461230790377, 403.9047876389145),
 (267.461230790377, 403.9047876389145),
 (267.461230790377, 403.9047876389145),
 (267.461230790377, 403.9047876389145),
 (267.461230790377, 403.9047876389145),
 (267.461230790377, 403.9047876389145),
 (267.461230790377, 403.9047876389145),
 (267.461230790377, 403.9047876389145),
 (267.461230790377, 403.9047876389145),
 (267.461230790377, 403.9047876389145),
 (267.461230790377, 403.9047876389145),
 (267.461230790377, 403.9047876389145),
 (267.461230790377, 403.9047876389145),
 (267.461230790377, 403.9047876389145),
 (267.461230790377, 403.9047876389145),
 (267.461230790377, 403.9047876389145),
 (248.08093848091033, 377.3064348703759),
 (228.70064617144368, 350.70808210183725),
 (209.32035386197703, 324.1097293332986),
 (189.94006155251037, 297.51137656476),
 (170.55976924304372, 270.91302379622135),
 (151.17947693357706, 244.31467102768272),
 (131.7991846241104, 217.7163182591441)]

orientations:
[59.67188839813127,
 55.42188839813127,
 55.42188839813127,
 55.42188839813127,
 55.42188839813127,
 55.42188839813127,
 55.42188839813127,
 55.42188839813127,
 55.42188839813127,
 51.17188839813127,
 51.17188839813127,
 46.92188839813127,
 51.17188839813127,
 46.92188839813127,
 51.17188839813127,
 46.92188839813127,
 51.17188839813127,
 46.92188839813127,
 51.17188839813127,
 46.92188839813127,
 51.17188839813127,
 51.17188839813127,
 46.92188839813127,
 51.17188839813127,
 46.92188839813127,
 51.17188839813127,
 46.92188839813127,
 51.17188839813127,
 46.92188839813127,
 51.17188839813127,
 46.92188839813127,
 51.17188839813127,
 46.92188839813127,
 51.17188839813127,
 46.92188839813127,
 51.17188839813127,
 46.92188839813127,
 51.17188839813127,
 46.92188839813127,
 51.17188839813127,
 46.92188839813127,
 51.17188839813127,
 55.42188839813127,
 51.17188839813127,
 46.92188839813127,
 51.17188839813127,
 55.42188839813127,
 51.17188839813127,
 46.92188839813127,
 51.17188839813127,
 55.42188839813127,
 51.17188839813127,
 55.42188839813127,
 51.17188839813127,
 55.42188839813127,
 51.17188839813127,
 55.42188839813127,
 51.17188839813127,
 55.42188839813127,
 51.17188839813127,
 55.42188839813127,
 51.17188839813127,
 55.42188839813127,
 51.17188839813127,
 55.42188839813127,
 51.17188839813127,
 55.42188839813127,
 51.17188839813127,
 55.42188839813127,
 51.17188839813127,
 55.42188839813127,
 51.17188839813127,
 55.42188839813127,
 51.17188839813127,
 51.17188839813127,
 55.42188839813127,
 51.17188839813127,
 51.17188839813127,
 51.17188839813127,
 46.92188839813127,
 42.67188839813127,
 42.67188839813127,
 42.67188839813127,
 42.67188839813127,
 42.67188839813127,
 38.42188839813127,
 42.67188839813127,
 46.92188839813127,
 51.17188839813127,
 55.42188839813127,
 59.67188839813127,
 63.92188839813127,
 68.17188839813127,
 72.42188839813127,
 76.67188839813127,
 80.92188839813127,
 85.17188839813127,
 89.42188839813127,
 93.67188839813127,
 97.92188839813127,
 102.17188839813127,
 106.42188839813127,
 110.67188839813127,
 114.92188839813127,
 119.17188839813127,
 123.42188839813127,
 127.67188839813127,
 131.92188839813127,
 136.17188839813127,
 140.42188839813127,
 144.67188839813127,
 148.92188839813127,
 153.17188839813127,
 157.42188839813127,
 161.67188839813127,
 165.92188839813127,
 170.17188839813127,
 174.42188839813127,
 178.67188839813127,
 182.92188839813127,
 187.17188839813127,
 191.42188839813127,
 195.67188839813127,
 199.92188839813127,
 204.17188839813127,
 208.42188839813127,
 212.67188839813127,
 216.92188839813127,
 221.17188839813127,
 221.17188839813127,
 221.17188839813127,
 225.42188839813127,
 225.42188839813127,
 225.42188839813127,
 225.42188839813127,
 225.42188839813127,
 229.67188839813127,
 229.67188839813127,
 233.92188839813127,
 229.67188839813127,
 233.92188839813127,
 229.67188839813127,
 233.92188839813127,
 229.67188839813127,
 233.92188839813127,
 229.67188839813127,
 233.92188839813127,
 229.67188839813127,
 233.92188839813127,
 229.67188839813127,
 233.92188839813127,
 229.67188839813127,
 233.92188839813127,
 238.17188839813127,
 233.92188839813127,
 229.67188839813127,
 233.92188839813127,
 238.17188839813127,
 233.92188839813127,
 229.67188839813127,
 233.92188839813127,
 238.17188839813127,
 233.92188839813127,
 229.67188839813127,
 233.92188839813127,
 238.17188839813127,
 233.92188839813127,
 229.67188839813127,
 233.92188839813127,
 238.17188839813127,
 233.92188839813127,
 229.67188839813127,
 233.92188839813127,
 233.92188839813127,
 233.92188839813127,
 233.92188839813127,
 233.92188839813127,
 233.92188839813127,
 233.92188839813127,
 233.92188839813127]