actions:
[('init', None, 100),
 ('driveForward', 100, 150),
 ('driveForward', 100, 150),
 ('driveForward', 100, 150),
 ('driveForward', 100, 150),
 ('turnLeft', 100, 50),
 ('turnLeft', 100, 50),
 ('driveForward', 100, 150),
 ('driveForward', 100, 150),
 ('driveForward', 100, 150),
 ('driveForward', 100, 150),
 ('driveForward', 100, 150),
 ('driveForward', 100, 150),
 ('driveForward', 100, 150),
 ('driveForward', 100, 150),
 ('driveForward', 100, 150),
 ('driveForward', 100, 150),
 ('turnLeft', 100, 50),
 ('turnLeft', 100, 50),
 ('turnRight', 100, 50),
 ('turnLeft', 100, 50),
 ('turnRight', 100, 50),
 ('turnLeft', 100, 50),
 ('turnRight', 100, 50),
 ('turnLeft', 100, 50),
 ('turnRight', 100, 50),
 ('turnLeft', 100, 50),
 ('turnRight', 100, 50),
 ('turnLeft', 100, 50),
 ('turnRight', 100, 50),
 ('turnLeft', 100, 50),
 ('turnRight', 100, 50),
 ('turnLeft', 100, 50),
 ('turnRight', 100, 50),
 ('turnLeft', 100, 50),
 ('turnRight', 100, 50),
 ('turnLeft', 100, 50),
 ('turnRight', 100, 50),
 ('turnLeft', 100, 50),
 ('turnRight', 100, 50),
 ('turnLeft', 100, 50),
 ('turnRight', 100, 50),
 ('turnLeft', 100, 50),
 ('turnRight', 100, 50),
 ('turnLeft', 100, 50),
 ('turnRight', 100, 50),
 ('turnLeft', 100, 50),
 ('turnRight', 100, 50),
 ('turnLeft', 100, 50),
 ('turnRight', 100, 50),
 ('turnLeft', 100, 50),
 ('turnRight', 100, 50),
 ('turnLeft', 100, 50),
 ('turnRight', 100, 50),
 ('turnLeft', 100, 50),
 ('turnRight', 100, 50),
 ('turnLeft', 100, 50),
 ('turnRight', 100, 50),
 ('driveForward', 100, 150),
 ('turnLeft', 100, 50),
 ('turnRight', 100, 50),
 ('driveForward', 100, 150),
 ('driveForward', 100, 150),
 ('driveForward', 100, 150),
 ('turnRight', 100, 50),
 ('driveForward', 100, 150),
 ('driveForward', 100, 150),
 ('driveForward', 100, 150),
 ('driveForward', 100, 150),
 ('driveForward', 100, 150),
 ('driveForward', 100, 150),
 ('driveForward', 100, 150),
 ('driveForward', 100, 150),
 ('driveForward', 100, 150),
 ('driveForward', 100, 150),
 ('driveForward', 100, 150),
 ('driveForward', 100, 150),
 ('driveForward', 100, 150),
 ('driveForward', 100, 150),
 ('driveForward', 100, 150),
 ('driveForward', 100, 150),
 ('driveForward', 100, 150),
 ('driveForward', 100, 150),
 ('driveForward', 100, 150),
 ('driveForward', 100, 150),
 ('driveForward', 100, 150),
 ('driveForward', 100, 150),
 ('driveForward', 100, 150),
 ('driveForward', 100, 150),
 ('driveForward', 100, 150)]

positions:
[(100, 480),
 (132.5235116935613, 485.02884550555905),
 (165.04702338712258, 490.0576910111181),
 (197.57053508068387, 495.08653651667714),
 (230.09404677424516, 500.1153820222362),
 (230.09404677424516, 500.1153820222362),
 (230.09404677424516, 500.1153820222362),
 (263.00362646425253, 500.28170889033805),
 (295.9132061542599, 500.4480357584399),
 (328.8227858442673, 500.6143626265418),
 (361.73236553427466, 500.78068949464364),
 (394.64194522428204, 500.9470163627455),
 (427.5515249142894, 501.11334323084736),
 (460.4611046042968, 501.2796700989492),
 (493.37068429430417, 501.4459969670511),
 (526.2802639843115, 501.61232383515295),
 (559.1898436743189, 501.7786507032548),
 (559.1898436743189, 501.7786507032548),
 (559.1898436743189, 501.7786507032548),
 (559.1898436743189, 501.7786507032548),
 (559.1898436743189, 501.7786507032548),
 (559.1898436743189, 501.7786507032548),
 (559.1898436743189, 501.7786507032548),
 (559.1898436743189, 501.7786507032548),
 (559.1898436743189, 501.7786507032548),
 (559.1898436743189, 501.7786507032548),
 (559.1898436743189, 501.7786507032548),
 (559.1898436743189, 501.7786507032548),
 (559.1898436743189, 501.7786507032548),
 (559.1898436743189, 501.7786507032548),
 (559.1898436743189, 501.7786507032548),
 (559.1898436743189, 501.7786507032548),
 (559.1898436743189, 501.7786507032548),
 (559.1898436743189, 501.7786507032548),
 (559.1898436743189, 501.7786507032548),
 (559.1898436743189, 501.7786507032548),
 (559.1898436743189, 501.7786507032548),
 (559.1898436743189, 501.7786507032548),
 (559.1898436743189, 501.7786507032548),
 (559.1898436743189, 501.7786507032548),
 (559.1898436743189, 501.7786507032548),
 (559.1898436743189, 501.7786507032548),
 (559.1898436743189, 501.7786507032548),
 (559.1898436743189, 501.7786507032548),
 (559.1898436743189, 501.7786507032548),
 (559.1898436743189, 501.7786507032548),
 (559.1898436743189, 501.7786507032548),
 (559.1898436743189, 501.7786507032548),
 (559.1898436743189, 501.7786507032548),
 (559.1898436743189, 501.7786507032548),
 (559.1898436743189, 501.7786507032548),
 (559.1898436743189, 501.7786507032548),
 (559.1898436743189, 501.7786507032548),
 (559.1898436743189, 501.7786507032548),
 (559.1898436743189, 501.7786507032548),
 (559.1898436743189, 501.7786507032548),
 (559.1898436743189, 501.7786507032548),
 (559.1898436743189, 501.7786507032548),
 (592.021254344799, 499.5056409394648),
 (592.021254344799, 499.5056409394648),
 (592.021254344799, 499.5056409394648),
 (624.8526650152791, 497.2326311756748),
 (657.6840756857591, 494.95962141188477),
 (690.5154863562392, 492.68661164809475),
 (690.5154863562392, 492.68661164809475),
 (723.4250660462466, 492.8529385161966),
 (756.334645736254, 493.0192653842985),
 (789.2442254262613, 493.18559225240034),
 (822.1538051162687, 493.3519191205022),
 (855.0633848062761, 493.51824598860406),
 (887.9729644962835, 493.6845728567059),
 (920.8825441862908, 493.8508997248078),
 (953.7921238762982, 494.01722659290965),
 (986.7017035663056, 494.1835534610115),
 (1019.611283256313, 494.3498803291134),
 (1052.5208629463204, 494.51620719721524),
 (1085.4304426363278, 494.6825340653171),
 (1118.3400223263352, 494.84886093341896),
 (1151.2496020163426, 495.0151878015208),
 (1184.15918170635, 495.1815146696227),
 (1217.0687613963573, 495.34784153772455),
 (1249.9783410863647, 495.5141684058264),
 (1282.887920776372, 495.6804952739283),
 (1315.7975004663795, 495.84682214203013),
 (1348.7070801563868, 496.013149010132),
 (1381.6166598463942, 496.17947587823386),
 (1414.5262395364016, 496.3458027463357),
 (1447.435819226409, 496.5121296144376),
 (1480.3453989164163, 496.67845648253945),
 (1513.2549786064237, 496.8447833506413)]

orientations:
[8.789573629052924,
 8.789573629052924,
 8.789573629052924,
 8.789573629052924,
 8.789573629052924,
 4.539573629052923,
 0.2895736290529225,
 0.2895736290529225,
 0.2895736290529225,
 0.2895736290529225,
 0.2895736290529225,
 0.2895736290529225,
 0.2895736290529225,
 0.2895736290529225,
 0.2895736290529225,
 0.2895736290529225,
 0.2895736290529225,
 -3.9604263709470784,
 -8.21042637094708,
 -3.9604263709470784,
 -8.21042637094708,
 -3.9604263709470784,
 -8.21042637094708,
 -3.9604263709470784,
 -8.21042637094708,
 -3.9604263709470784,
 -8.21042637094708,
 -3.9604263709470784,
 -8.21042637094708,
 -3.9604263709470784,
 -8.21042637094708,
 -3.9604263709470784,
 -8.21042637094708,
 -3.9604263709470784,
 -8.21042637094708,
 -3.9604263709470784,
 -8.21042637094708,
 -3.9604263709470784,
 -8.21042637094708,
 -3.9604263709470784,
 -8.21042637094708,
 -3.9604263709470784,
 -8.21042637094708,
 -3.9604263709470784,
 -8.21042637094708,
 -3.9604263709470784,
 -8.21042637094708,
 -3.9604263709470784,
 -8.21042637094708,
 -3.9604263709470784,
 -8.21042637094708,
 -3.9604263709470784,
 -8.21042637094708,
 -3.9604263709470784,
 -8.21042637094708,
 -3.9604263709470784,
 -8.21042637094708,
 -3.9604263709470784,
 -3.9604263709470784,
 -8.21042637094708,
 -3.9604263709470784,
 -3.9604263709470784,
 -3.9604263709470784,
 -3.9604263709470784,
 0.2895736290529225,
 0.2895736290529225,
 0.2895736290529225,
 0.2895736290529225,
 0.2895736290529225,
 0.2895736290529225,
 0.2895736290529225,
 0.2895736290529225,
 0.2895736290529225,
 0.2895736290529225,
 0.2895736290529225,
 0.2895736290529225,
 0.2895736290529225,
 0.2895736290529225,
 0.2895736290529225,
 0.2895736290529225,
 0.2895736290529225,
 0.2895736290529225,
 0.2895736290529225,
 0.2895736290529225,
 0.2895736290529225,
 0.2895736290529225,
 0.2895736290529225,
 0.2895736290529225,
 0.2895736290529225,
 0.2895736290529225]