actions:
[('init', None, 100),
 ('driveForward', 100, 150),
 ('turnLeft', 100, 50),
 ('driveForward', 100, 150),
 ('turnLeft', 100, 50),
 ('driveForward', 100, 150),
 ('turnLeft', 100, 50),
 ('driveForward', 100, 150),
 ('turnLeft', 100, 50),
 ('driveForward', 100, 150),
 ('turnLeft', 100, 50),
 ('driveForward', 100, 150),
 ('turnLeft', 100, 50),
 ('driveForward', 100, 150),
 ('turnLeft', 100, 50),
 ('turnLeft', 100, 50),
 ('turnLeft', 100, 50),
 ('turnLeft', 100, 50),
 ('driveForward', 100, 150),
 ('driveForward', 100, 150),
 ('driveForward', 100, 150),
 ('turnRight', 100, 50),
 ('turnRight', 100, 50),
 ('turnLeft', 100, 50),
 ('turnRight', 100, 50),
 ('turnLeft', 100, 50),
 ('turnRight', 100, 50),
 ('turnLeft', 100, 50),
 ('turnRight', 100, 50),
 ('turnLeft', 100, 50),
 ('turnRight', 100, 50),
 ('turnLeft', 100, 50),
 ('turnRight', 100, 50),
 ('turnLeft', 100, 50),
 ('turnRight', 100, 50),
 ('turnLeft', 100, 50),
 ('turnRight', 100, 50),
 ('turnLeft', 100, 50),
 ('turnRight', 100, 50),
 ('turnLeft', 100, 50),
 ('turnRight', 100, 50),
 ('turnLeft', 100, 50),
 ('turnRight', 100, 50),
 ('turnLeft', 100, 50),
 ('turnRight', 100, 50),
 ('turnLeft', 100, 50),
 ('turnLeft', 100, 50),
 ('turnLeft', 100, 50),
 ('turnLeft', 100, 50),
 ('turnLeft', 100, 50),
 ('turnLeft', 100, 50),
 ('turnRight', 100, 50),
 ('turnRight', 100, 50),
 ('turnLeft', 100, 50),
 ('turnRight', 100, 50),
 ('turnRight', 100, 50),
 ('turnLeft', 100, 50),
 ('turnLeft', 100, 50),
 ('turnLeft', 100, 50),
 ('turnRight', 100, 50),
 ('driveForward', 100, 150),
 ('turnLeft', 100, 50),
 ('turnRight', 100, 50),
 ('driveForward', 100, 150),
 ('turnLeft', 100, 50),
 ('turnRight', 100, 50),
 ('driveForward', 100, 150),
 ('turnLeft', 100, 50),
 ('turnRight', 100, 50),
 ('turnRight', 100, 50),
 ('turnLeft', 100, 50),
 ('turnLeft', 100, 50),
 ('turnRight', 100, 50),
 ('turnRight', 100, 50),
 ('turnLeft', 100, 50),
 ('turnLeft', 100, 50),
 ('turnRight', 100, 50),
 ('turnRight', 100, 50),
 ('turnLeft', 100, 50),
 ('driveForward', 100, 150),
 ('turnRight', 100, 50),
 ('driveForward', 100, 150),
 ('driveForward', 100, 150),
 ('driveForward', 100, 150),
 ('turnLeft', 100, 50),
 ('turnRight', 100, 50),
 ('turnLeft', 100, 50),
 ('turnRight', 100, 50),
 ('turnLeft', 100, 50),
 ('driveForward', 100, 150),
 ('turnLeft', 100, 50),
 ('driveForward', 100, 150),
 ('turnLeft', 100, 50),
 ('driveForward', 100, 150),
 ('driveForward', 100, 150),
 ('turnLeft', 100, 50),
 ('driveForward', 100, 150),
 ('driveForward', 100, 150),
 ('turnLeft', 100, 50),
 ('driveForward', 100, 150),
 ('driveForward', 100, 150),
 ('turnLeft', 100, 50),
 ('driveForward', 100, 150),
 ('driveForward', 100, 150),
 ('driveForward', 100, 150),
 ('driveForward', 100, 150),
 ('driveForward', 100, 150),
 ('turnLeft', 100, 50),
 ('driveForward', 100, 150),
 ('driveForward', 100, 150),
 ('driveForward', 100, 150),
 ('driveForward', 100, 150),
 ('driveForward', 100, 150),
 ('driveForward', 100, 150),
 ('driveForward', 100, 150),
 ('turnLeft', 100, 50),
 ('driveForward', 100, 150),
 ('driveForward', 100, 150),
 ('driveForward', 100, 150),
 ('driveForward', 100, 150),
 ('driveForward', 100, 150),
 ('driveForward', 100, 150),
 ('driveForward', 100, 150),
 ('driveForward', 100, 150),
 ('driveForward', 100, 150),
 ('turnLeft', 100, 50),
 ('driveForward', 100, 150),
 ('driveForward', 100, 150)]

positions:
[(100, 273),
 (110.32420469236234, 304.2486623308935),
 (110.32420469236234, 304.2486623308935),
 (122.93581091879403, 334.6462854022692),
 (122.93581091879403, 334.6462854022692),
 (137.76545951385333, 364.0256935404032),
 (137.76545951385333, 364.0256935404032),
 (154.7315929001881, 392.22531087676253),
 (154.7315929001881, 392.22531087676253),
 (173.7409036250186, 419.0900499554665),
 (173.7409036250186, 419.0900499554665),
 (194.68884751658555, 444.47216465688103),
 (194.68884751658555, 444.47216465688103),
 (217.4602186383926, 468.23206274658105),
 (217.4602186383926, 468.23206274658105),
 (217.4602186383926, 468.23206274658105),
 (217.4602186383926, 468.23206274658105),
 (217.4602186383926, 468.23206274658105),
 (246.1833110505001, 484.2960616972014),
 (274.9064034626076, 500.3600606478218),
 (303.62949587471513, 516.4240595984421),
 (303.62949587471513, 516.4240595984421),
 (303.62949587471513, 516.4240595984421),
 (303.62949587471513, 516.4240595984421),
 (303.62949587471513, 516.4240595984421),
 (303.62949587471513, 516.4240595984421),
 (303.62949587471513, 516.4240595984421),
 (303.62949587471513, 516.4240595984421),
 (303.62949587471513, 516.4240595984421),
 (303.62949587471513, 516.4240595984421),
 (303.62949587471513, 516.4240595984421),
 (303.62949587471513, 516.4240595984421),
 (303.62949587471513, 516.4240595984421),
 (303.62949587471513, 516.4240595984421),
 (303.62949587471513, 516.4240595984421),
 (303.62949587471513, 516.4240595984421),
 (303.62949587471513, 516.4240595984421),
 (303.62949587471513, 516.4240595984421),
 (303.62949587471513, 516.4240595984421),
 (303.62949587471513, 516.4240595984421),
 (303.62949587471513, 516.4240595984421),
 (303.62949587471513, 516.4240595984421),
 (303.62949587471513, 516.4240595984421),
 (303.62949587471513, 516.4240595984421),
 (303.62949587471513, 516.4240595984421),
 (303.62949587471513, 516.4240595984421),
 (303.62949587471513, 516.4240595984421),
 (303.62949587471513, 516.4240595984421),
 (303.62949587471513, 516.4240595984421),
 (303.62949587471513, 516.4240595984421),
 (303.62949587471513, 516.4240595984421),
 (303.62949587471513, 516.4240595984421),
 (303.62949587471513, 516.4240595984421),
 (303.62949587471513, 516.4240595984421),
 (303.62949587471513, 516.4240595984421),
 (303.62949587471513, 516.4240595984421),
 (303.62949587471513, 516.4240595984421),
 (303.62949587471513, 516.4240595984421),
 (303.62949587471513, 516.4240595984421),
 (303.62949587471513, 516.4240595984421),
 (335.1896268447105, 525.7528447903488),
 (335.1896268447105, 525.7528447903488),
 (335.1896268447105, 525.7528447903488),
 (366.7497578147059, 535.0816299822555),
 (366.7497578147059, 535.0816299822555),
 (366.7497578147059, 535.0816299822555),
 (398.3098887847013, 544.4104151741623),
 (398.3098887847013, 544.4104151741623),
 (398.3098887847013, 544.4104151741623),
 (398.3098887847013, 544.4104151741623),
 (398.3098887847013, 544.4104151741623),
 (398.3098887847013, 544.4104151741623),
 (398.3098887847013, 544.4104151741623),
 (398.3098887847013, 544.4104151741623),
 (398.3098887847013, 544.4104151741623),
 (398.3098887847013, 544.4104151741623),
 (398.3098887847013, 544.4104151741623),
 (398.3098887847013, 544.4104151741623),
 (398.3098887847013, 544.4104151741623),
 (429.87001975469667, 553.739200366069),
 (429.87001975469667, 553.739200366069),
 (460.6520240203592, 565.3812067820068),
 (491.4340282860217, 577.0232131979445),
 (522.2160325516842, 588.6652196138823),
 (522.2160325516842, 588.6652196138823),
 (522.2160325516842, 588.6652196138823),
 (522.2160325516842, 588.6652196138823),
 (522.2160325516842, 588.6652196138823),
 (522.2160325516842, 588.6652196138823),
 (553.7761635216796, 597.994004805789),
 (553.7761635216796, 597.994004805789),
 (585.9408521592009, 604.9582639086159),
 (585.9408521592009, 604.9582639086159),
 (618.5332045840764, 609.5196960754589),
 (651.125557008952, 614.0811282423019),
 (651.125557008952, 614.0811282423019),
 (683.9663273485003, 616.214647284881),
 (716.8070976880485, 618.3481663274601),
 (716.8070976880485, 618.3481663274601),
 (749.7156738630214, 618.0420386808677),
 (782.6242500379942, 617.7359110342752),
 (782.6242500379942, 617.7359110342752),
 (815.4196470621504, 614.9918202872393),
 (848.2150440863065, 612.2477295402034),
 (881.0104411104627, 609.5036387931675),
 (913.8058381346189, 606.7595480461316),
 (946.601235158775, 604.0154572990957),
 (946.601235158775, 604.0154572990957),
 (979.1030904893039, 598.8484949348655),
 (1011.6049458198328, 593.6815325706352),
 (1044.1068011503617, 588.514570206405),
 (1076.6086564808904, 583.3476078421747),
 (1109.1105118114192, 578.1806454779445),
 (1141.612367141948, 573.0136831137143),
 (1174.1142224724767, 567.846720749484),
 (1174.1142224724767, 567.846720749484),
 (1206.1437879372138, 560.2853031482585),
 (1238.1733534019509, 552.7238855470331),
 (1270.202918866688, 545.1624679458076),
 (1302.232484331425, 537.6010503445822),
 (1334.262049796162, 530.0396327433567),
 (1366.291615260899, 522.4782151421313),
 (1398.3211807256362, 514.9167975409058),
 (1430.3507461903732, 507.3553799396803),
 (1462.3803116551103, 499.7939623384548),
 (1462.3803116551103, 499.7939623384548),
 (1493.7614365013117, 489.8796744978118),
 (1525.142561347513, 479.9653866571688)]

orientations:
[71.71702901564188,
 71.71702901564188,
 67.46702901564188,
 67.46702901564188,
 63.217029015641884,
 63.217029015641884,
 58.967029015641884,
 58.967029015641884,
 54.717029015641884,
 54.717029015641884,
 50.467029015641884,
 50.467029015641884,
 46.217029015641884,
 46.217029015641884,
 41.967029015641884,
 37.717029015641884,
 33.467029015641884,
 29.217029015641884,
 29.217029015641884,
 29.217029015641884,
 29.217029015641884,
 33.467029015641884,
 37.717029015641884,
 33.467029015641884,
 37.717029015641884,
 33.467029015641884,
 37.717029015641884,
 33.467029015641884,
 37.717029015641884,
 33.467029015641884,
 37.717029015641884,
 33.467029015641884,
 37.717029015641884,
 33.467029015641884,
 37.717029015641884,
 33.467029015641884,
 37.717029015641884,
 33.467029015641884,
 37.717029015641884,
 33.467029015641884,
 37.717029015641884,
 33.467029015641884,
 37.717029015641884,
 33.467029015641884,
 37.717029015641884,
 33.467029015641884,
 29.217029015641884,
 24.967029015641884,
 20.717029015641884,
 16.467029015641884,
 12.217029015641884,
 16.467029015641884,
 20.717029015641884,
 16.467029015641884,
 20.717029015641884,
 24.967029015641884,
 20.717029015641884,
 16.467029015641884,
 12.217029015641884,
 16.467029015641884,
 16.467029015641884,
 12.217029015641884,
 16.467029015641884,
 16.467029015641884,
 12.217029015641884,
 16.467029015641884,
 16.467029015641884,
 12.217029015641884,
 16.467029015641884,
 20.717029015641884,
 16.467029015641884,
 12.217029015641884,
 16.467029015641884,
 20.717029015641884,
 16.467029015641884,
 12.217029015641884,
 16.467029015641884,
 20.717029015641884,
 16.467029015641884,
 16.467029015641884,
 20.717029015641884,
 20.717029015641884,
 20.717029015641884,
 20.717029015641884,
 16.467029015641884,
 20.717029015641884,
 16.467029015641884,
 20.717029015641884,
 16.467029015641884,
 16.467029015641884,
 12.217029015641884,
 12.217029015641884,
 7.9670290156418835,
 7.9670290156418835,
 7.9670290156418835,
 3.7170290156418826,
 3.7170290156418826,
 3.7170290156418826,
 -0.5329709843581183,
 -0.5329709843581183,
 -0.5329709843581183,
 -4.782970984358119,
 -4.782970984358119,
 -4.782970984358119,
 -4.782970984358119,
 -4.782970984358119,
 -4.782970984358119,
 -9.03297098435812,
 -9.03297098435812,
 -9.03297098435812,
 -9.03297098435812,
 -9.03297098435812,
 -9.03297098435812,
 -9.03297098435812,
 -9.03297098435812,
 -13.28297098435812,
 -13.28297098435812,
 -13.28297098435812,
 -13.28297098435812,
 -13.28297098435812,
 -13.28297098435812,
 -13.28297098435812,
 -13.28297098435812,
 -13.28297098435812,
 -13.28297098435812,
 -17.53297098435812,
 -17.53297098435812,
 -17.53297098435812]