actions:
[('init', None, 100),
 ('turnLeft', 100, 50),
 ('driveForward', 100, 150),
 ('turnLeft', 100, 50),
 ('turnLeft', 100, 50),
 ('driveForward', 100, 150),
 ('turnLeft', 100, 50),
 ('turnLeft', 100, 50),
 ('turnLeft', 100, 50),
 ('driveForward', 100, 150),
 ('turnRight', 100, 50),
 ('turnLeft', 100, 50),
 ('turnRight', 100, 50),
 ('turnLeft', 100, 50),
 ('turnRight', 100, 50),
 ('turnLeft', 100, 50),
 ('turnRight', 100, 50),
 ('turnLeft', 100, 50),
 ('turnLeft', 100, 50),
 ('turnLeft', 100, 50),
 ('turnLeft', 100, 50),
 ('driveForward', 100, 150),
 ('turnRight', 100, 50),
 ('turnRight', 100, 50),
 ('turnRight', 100, 50),
 ('turnRight', 100, 50),
 ('turnRight', 100, 50),
 ('turnRight', 100, 50),
 ('turnRight', 100, 50),
 ('turnRight', 100, 50),
 ('turnRight', 100, 50),
 ('turnRight', 100, 50),
 ('turnRight', 100, 50),
 ('turnRight', 100, 50),
 ('turnRight', 100, 50),
 ('turnRight', 100, 50),
 ('turnRight', 100, 50),
 ('turnRight', 100, 50),
 ('turnRight', 100, 50),
 ('turnRight', 100, 50),
 ('turnRight', 100, 50),
 ('turnRight', 100, 50),
 ('turnRight', 100, 50),
 ('turnRight', 100, 50),
 ('turnRight', 100, 50),
 ('turnRight', 100, 50),
 ('turnRight', 100, 50),
 ('turnRight', 100, 50)]

positions:
[(100, 811),
 (100, 811),
 (109.92864086988448, 842.3765866607071),
 (109.92864086988448, 842.3765866607071),
 (109.92864086988448, 842.3765866607071),
 (124.38597898939999, 871.9409820460012),
 (124.38597898939999, 871.9409820460012),
 (124.38597898939999, 871.9409820460012),
 (124.38597898939999, 871.9409820460012),
 (145.01161892876036, 897.5856906053095),
 (145.01161892876036, 897.5856906053095),
 (145.01161892876036, 897.5856906053095),
 (145.01161892876036, 897.5856906053095),
 (145.01161892876036, 897.5856906053095),
 (145.01161892876036, 897.5856906053095),
 (145.01161892876036, 897.5856906053095),
 (145.01161892876036, 897.5856906053095),
 (145.01161892876036, 897.5856906053095),
 (145.01161892876036, 897.5856906053095),
 (145.01161892876036, 897.5856906053095),
 (145.01161892876036, 897.5856906053095),
 (170.78839985010245, 918.046034330016),
 (170.78839985010245, 918.046034330016),
 (170.78839985010245, 918.046034330016),
 (170.78839985010245, 918.046034330016),
 (170.78839985010245, 918.046034330016),
 (170.78839985010245, 918.046034330016),
 (170.78839985010245, 918.046034330016),
 (170.78839985010245, 918.046034330016),
 (170.78839985010245, 918.046034330016),
 (170.78839985010245, 918.046034330016),
 (170.78839985010245, 918.046034330016),
 (170.78839985010245, 918.046034330016),
 (170.78839985010245, 918.046034330016),
 (170.78839985010245, 918.046034330016),
 (170.78839985010245, 918.046034330016),
 (170.78839985010245, 918.046034330016),
 (170.78839985010245, 918.046034330016),
 (170.78839985010245, 918.046034330016),
 (170.78839985010245, 918.046034330016),
 (170.78839985010245, 918.046034330016),
 (170.78839985010245, 918.046034330016),
 (170.78839985010245, 918.046034330016),
 (170.78839985010245, 918.046034330016),
 (170.78839985010245, 918.046034330016),
 (170.78839985010245, 918.046034330016),
 (170.78839985010245, 918.046034330016),
 (170.78839985010245, 918.046034330016)]

orientations:
[76.69082130459952,
 72.44082130459952,
 72.44082130459952,
 68.19082130459952,
 63.940821304599524,
 63.940821304599524,
 59.690821304599524,
 55.440821304599524,
 51.190821304599524,
 51.190821304599524,
 55.440821304599524,
 51.190821304599524,
 55.440821304599524,
 51.190821304599524,
 55.440821304599524,
 51.190821304599524,
 55.440821304599524,
 51.190821304599524,
 46.940821304599524,
 42.690821304599524,
 38.440821304599524,
 38.440821304599524,
 42.690821304599524,
 46.940821304599524,
 51.190821304599524,
 55.440821304599524,
 59.690821304599524,
 63.940821304599524,
 68.19082130459952,
 72.44082130459952,
 76.69082130459952,
 80.94082130459952,
 85.19082130459952,
 89.44082130459952,
 93.69082130459952,
 97.94082130459952,
 102.19082130459952,
 106.44082130459952,
 110.69082130459952,
 114.94082130459952,
 119.19082130459952,
 123.44082130459952,
 127.69082130459952,
 131.94082130459952,
 136.19082130459952,
 140.44082130459952,
 144.69082130459952,
 148.94082130459952]