actions:
[('init', None, 100),
 ('turnLeft', 100, 50),
 ('turnLeft', 100, 50),
 ('turnLeft', 100, 50),
 ('turnLeft', 100, 50),
 ('turnLeft', 100, 50),
 ('turnLeft', 100, 50),
 ('driveForward', 100, 150),
 ('turnLeft', 100, 50),
 ('turnLeft', 100, 50),
 ('driveForward', 100, 150),
 ('turnLeft', 100, 50),
 ('driveForward', 100, 150),
 ('turnLeft', 100, 50),
 ('turnLeft', 100, 50),
 ('driveForward', 100, 150),
 ('turnLeft', 100, 50),
 ('driveForward', 100, 150),
 ('turnLeft', 100, 50),
 ('driveForward', 100, 150),
 ('driveForward', 100, 150),
 ('turnLeft', 100, 50),
 ('turnLeft', 100, 50),
 ('driveForward', 100, 150),
 ('driveForward', 100, 150),
 ('driveForward', 100, 150),
 ('turnLeft', 100, 50),
 ('driveForward', 100, 150),
 ('driveForward', 100, 150),
 ('turnLeft', 100, 50),
 ('driveForward', 100, 150),
 ('driveForward', 100, 150),
 ('turnLeft', 100, 50),
 ('driveForward', 100, 150),
 ('driveForward', 100, 150),
 ('driveForward', 100, 150),
 ('driveForward', 100, 150),
 ('turnLeft', 100, 50),
 ('driveForward', 100, 150),
 ('driveForward', 100, 150),
 ('driveForward', 100, 150),
 ('turnLeft', 100, 50),
 ('driveForward', 100, 150),
 ('driveForward', 100, 150),
 ('driveForward', 100, 150),
 ('driveForward', 100, 150),
 ('turnLeft', 100, 50),
 ('driveForward', 100, 150),
 ('driveForward', 100, 150),
 ('turnRight', 100, 50),
 ('turnLeft', 100, 50),
 ('turnRight', 100, 50),
 ('turnLeft', 100, 50),
 ('turnRight', 100, 50),
 ('turnLeft', 100, 50),
 ('turnRight', 100, 50),
 ('turnLeft', 100, 50),
 ('turnRight', 100, 50),
 ('turnLeft', 100, 50),
 ('turnRight', 100, 50),
 ('turnLeft', 100, 50),
 ('turnRight', 100, 50),
 ('driveForward', 100, 150),
 ('turnLeft', 100, 50),
 ('turnLeft', 100, 50),
 ('turnRight', 100, 50),
 ('turnRight', 100, 50),
 ('turnLeft', 100, 50),
 ('turnRight', 100, 50),
 ('turnLeft', 100, 50),
 ('turnRight', 100, 50),
 ('turnLeft', 100, 50),
 ('turnRight', 100, 50),
 ('driveForward', 100, 150),
 ('turnLeft', 100, 50),
 ('turnLeft', 100, 50),
 ('turnRight', 100, 50),
 ('driveForward', 100, 150),
 ('driveForward', 100, 150),
 ('turnLeft', 100, 50),
 ('turnLeft', 100, 50),
 ('driveForward', 100, 150),
 ('driveForward', 100, 150),
 ('driveForward', 100, 150),
 ('driveForward', 100, 150),
 ('driveForward', 100, 150),
 ('turnLeft', 100, 50),
 ('driveForward', 100, 150),
 ('driveForward', 100, 150),
 ('driveForward', 100, 150),
 ('turnLeft', 100, 50),
 ('turnLeft', 100, 50),
 ('driveForward', 100, 150),
 ('driveForward', 100, 150),
 ('driveForward', 100, 150),
 ('driveForward', 100, 150),
 ('turnLeft', 100, 50),
 ('turnLeft', 100, 50),
 ('driveForward', 100, 150),
 ('driveForward', 100, 150),
 ('driveForward', 100, 150),
 ('driveForward', 100, 150),
 ('turnLeft', 100, 50),
 ('turnLeft', 100, 50),
 ('driveForward', 100, 150)]

positions:
[(100, 174),
 (100, 174),
 (100, 174),
 (100, 174),
 (100, 174),
 (100, 174),
 (100, 174),
 (116.84018207349214, 202.2750131340665),
 (116.84018207349214, 202.2750131340665),
 (116.84018207349214, 202.2750131340665),
 (137.67470232710724, 227.75031226482653),
 (137.67470232710724, 227.75031226482653),
 (160.33986746234066, 251.61154419850084),
 (160.33986746234066, 251.61154419850084),
 (160.33986746234066, 251.61154419850084),
 (186.28298996774743, 271.86055638846847),
 (186.28298996774743, 271.86055638846847),
 (213.6553974096697, 290.1312819031654),
 (213.6553974096697, 290.1312819031654),
 (242.30655168041395, 306.3232385160647),
 (270.95770595115823, 322.51519512896397),
 (270.95770595115823, 322.51519512896397),
 (270.95770595115823, 322.51519512896397),
 (301.6874756005427, 334.2943868370469),
 (332.4172452499272, 346.0735785451298),
 (363.14701489931167, 357.8527702532127),
 (363.14701489931167, 357.8527702532127),
 (394.6652214834331, 367.3222345316525),
 (426.1834280675545, 376.79169881009227),
 (426.1834280675545, 376.79169881009227),
 (458.3167331182078, 383.89935711094336),
 (490.45003816886117, 391.00701541179444),
 (490.45003816886117, 391.00701541179444),
 (523.0217204039843, 395.71377824564996),
 (555.5934026391075, 400.4205410795055),
 (588.1650848742306, 405.127303913361),
 (620.7367671093538, 409.8340667472165),
 (620.7367671093538, 409.8340667472165),
 (653.5676943346568, 412.11404866092903),
 (686.3986215599599, 414.39403057464153),
 (719.229548785263, 416.67401248835404),
 (719.229548785263, 416.67401248835404),
 (752.1391630549822, 416.5146744254451),
 (785.0487773247014, 416.35533636253615),
 (817.9583915944206, 416.1959982996272),
 (850.8680058641398, 416.03666023671826),
 (850.8680058641398, 416.03666023671826),
 (883.6753164828972, 413.4388784975471),
 (916.4826271016545, 410.8410967583759),
 (916.4826271016545, 410.8410967583759),
 (916.4826271016545, 410.8410967583759),
 (916.4826271016545, 410.8410967583759),
 (916.4826271016545, 410.8410967583759),
 (916.4826271016545, 410.8410967583759),
 (916.4826271016545, 410.8410967583759),
 (916.4826271016545, 410.8410967583759),
 (916.4826271016545, 410.8410967583759),
 (916.4826271016545, 410.8410967583759),
 (916.4826271016545, 410.8410967583759),
 (916.4826271016545, 410.8410967583759),
 (916.4826271016545, 410.8410967583759),
 (916.4826271016545, 410.8410967583759),
 (949.3922413713738, 410.68175869546695),
 (949.3922413713738, 410.68175869546695),
 (949.3922413713738, 410.68175869546695),
 (949.3922413713738, 410.68175869546695),
 (949.3922413713738, 410.68175869546695),
 (949.3922413713738, 410.68175869546695),
 (949.3922413713738, 410.68175869546695),
 (949.3922413713738, 410.68175869546695),
 (949.3922413713738, 410.68175869546695),
 (949.3922413713738, 410.68175869546695),
 (949.3922413713738, 410.68175869546695),
 (982.301855641093, 410.522420632558),
 (982.301855641093, 410.522420632558),
 (982.301855641093, 410.522420632558),
 (982.301855641093, 410.522420632558),
 (1015.1091662598503, 407.9246388933868),
 (1047.9164768786077, 405.32685715421565),
 (1047.9164768786077, 405.32685715421565),
 (1047.9164768786077, 405.32685715421565),
 (1079.9794509256903, 397.90838054131865),
 (1112.042424972773, 390.48990392842165),
 (1144.1053990198557, 383.07142731552466),
 (1176.1683730669383, 375.65295070262766),
 (1208.231347114021, 368.23447408973067),
 (1208.231347114021, 368.23447408973067),
 (1239.6563818159825, 358.46025831655936),
 (1271.081416517944, 348.68604254338806),
 (1302.5064512199056, 338.91182677021675),
 (1302.5064512199056, 338.91182677021675),
 (1302.5064512199056, 338.91182677021675),
 (1332.141587969158, 324.6000564446036),
 (1361.7767247184106, 310.2882861189904),
 (1391.4118614676631, 295.97651579337725),
 (1421.0469982169157, 281.6647454677641),
 (1421.0469982169157, 281.6647454677641),
 (1421.0469982169157, 281.6647454677641),
 (1448.2412042307749, 263.1298254712878),
 (1475.435410244634, 244.59490547481153),
 (1502.6296162584933, 226.05998547833525),
 (1529.8238222723526, 207.52506548185897),
 (1529.8238222723526, 207.52506548185897),
 (1529.8238222723526, 207.52506548185897),
 (1553.979687801578, 185.17417600215407)]

orientations:
[84.7225939170928,
 80.4725939170928,
 76.2225939170928,
 71.9725939170928,
 67.7225939170928,
 63.472593917092794,
 59.222593917092794,
 59.222593917092794,
 54.972593917092794,
 50.722593917092794,
 50.722593917092794,
 46.472593917092794,
 46.472593917092794,
 42.222593917092794,
 37.972593917092794,
 37.972593917092794,
 33.722593917092794,
 33.722593917092794,
 29.472593917092794,
 29.472593917092794,
 29.472593917092794,
 25.222593917092794,
 20.972593917092794,
 20.972593917092794,
 20.972593917092794,
 20.972593917092794,
 16.722593917092794,
 16.722593917092794,
 16.722593917092794,
 12.472593917092794,
 12.472593917092794,
 12.472593917092794,
 8.222593917092794,
 8.222593917092794,
 8.222593917092794,
 8.222593917092794,
 8.222593917092794,
 3.9725939170927935,
 3.9725939170927935,
 3.9725939170927935,
 3.9725939170927935,
 -0.27740608290720736,
 -0.27740608290720736,
 -0.27740608290720736,
 -0.27740608290720736,
 -0.27740608290720736,
 -4.527406082907208,
 -4.527406082907208,
 -4.527406082907208,
 -0.27740608290720736,
 -4.527406082907208,
 -0.27740608290720736,
 -4.527406082907208,
 -0.27740608290720736,
 -4.527406082907208,
 -0.27740608290720736,
 -4.527406082907208,
 -0.27740608290720736,
 -4.527406082907208,
 -0.27740608290720736,
 -4.527406082907208,
 -0.27740608290720736,
 -0.27740608290720736,
 -4.527406082907208,
 -8.77740608290721,
 -4.527406082907208,
 -0.27740608290720736,
 -4.527406082907208,
 -0.27740608290720736,
 -4.527406082907208,
 -0.27740608290720736,
 -4.527406082907208,
 -0.27740608290720736,
 -0.27740608290720736,
 -4.527406082907208,
 -8.77740608290721,
 -4.527406082907208,
 -4.527406082907208,
 -4.527406082907208,
 -8.77740608290721,
 -13.02740608290721,
 -13.02740608290721,
 -13.02740608290721,
 -13.02740608290721,
 -13.02740608290721,
 -13.02740608290721,
 -17.27740608290721,
 -17.27740608290721,
 -17.27740608290721,
 -17.27740608290721,
 -21.52740608290721,
 -25.77740608290721,
 -25.77740608290721,
 -25.77740608290721,
 -25.77740608290721,
 -25.77740608290721,
 -30.02740608290721,
 -34.27740608290721,
 -34.27740608290721,
 -34.27740608290721,
 -34.27740608290721,
 -34.27740608290721,
 -38.52740608290721,
 -42.77740608290721,
 -42.77740608290721]