actions:
[('init', None, 100),
 ('driveForward', 100, 150),
 ('driveForward', 100, 150),
 ('driveForward', 100, 150),
 ('driveForward', 100, 150),
 ('driveForward', 100, 150),
 ('driveForward', 100, 150),
 ('driveForward', 100, 150),
 ('driveForward', 100, 150),
 ('driveForward', 100, 150),
 ('turnLeft', 100, 50),
 ('driveForward', 100, 150),
 ('driveForward', 100, 150),
 ('driveForward', 100, 150),
 ('driveForward', 100, 150),
 ('driveForward', 100, 150),
 ('driveForward', 100, 150),
 ('driveForward', 100, 150),
 ('driveForward', 100, 150),
 ('driveForward', 100, 150),
 ('driveForward', 100, 150),
 ('driveForward', 100, 150),
 ('driveForward', 100, 150),
 ('driveForward', 100, 150),
 ('driveForward', 100, 150),
 ('driveForward', 100, 150),
 ('driveForward', 100, 150),
 ('driveForward', 100, 150),
 ('driveForward', 100, 150),
 ('driveForward', 100, 150),
 ('driveForward', 100, 150),
 ('driveForward', 100, 150),
 ('driveForward', 100, 150),
 ('driveForward', 100, 150)]

positions:
[(100, 174),
 (103.02699360869042, 206.77049602451797),
 (106.05398721738084, 239.54099204903594),
 (109.08098082607125, 272.3114880735539),
 (112.10797443476167, 305.08198409807187),
 (115.13496804345209, 337.85248012258984),
 (118.16196165214251, 370.6229761471078),
 (121.18895526083293, 403.3934721716258),
 (124.21594886952334, 436.16396819614374),
 (127.24294247821376, 468.9344642206617),
 (127.24294247821376, 468.9344642206617),
 (132.6901843981066, 501.39052152074305),
 (138.13742631799943, 533.8465788208243),
 (143.58466823789226, 566.3026361209056),
 (149.0319101577851, 598.7586934209869),
 (154.47915207767792, 631.2147507210682),
 (159.92639399757076, 663.6708080211495),
 (165.3736359174636, 696.1268653212308),
 (170.82087783735642, 728.582922621312),
 (176.26811975724925, 761.0389799213933),
 (181.71536167714208, 793.4950372214746),
 (187.16260359703492, 825.9510945215559),
 (192.60984551692775, 858.4071518216372),
 (198.05708743682058, 890.8632091217185),
 (203.5043293567134, 923.3192664217997),
 (208.95157127660624, 955.775323721881),
 (214.39881319649908, 988.2313810219623),
 (219.8460551163919, 1020.6874383220436),
 (225.29329703628474, 1053.1434956221249),
 (230.74053895617757, 1085.5995529222062),
 (236.1877808760704, 1118.0556102222874),
 (241.63502279596324, 1150.5116675223687),
 (247.08226471585607, 1182.96772482245),
 (252.5295066357489, 1215.4237821225313)]

orientations:
[84.7225939170928,
 84.7225939170928,
 84.7225939170928,
 84.7225939170928,
 84.7225939170928,
 84.7225939170928,
 84.7225939170928,
 84.7225939170928,
 84.7225939170928,
 84.7225939170928,
 80.4725939170928,
 80.4725939170928,
 80.4725939170928,
 80.4725939170928,
 80.4725939170928,
 80.4725939170928,
 80.4725939170928,
 80.4725939170928,
 80.4725939170928,
 80.4725939170928,
 80.4725939170928,
 80.4725939170928,
 80.4725939170928,
 80.4725939170928,
 80.4725939170928,
 80.4725939170928,
 80.4725939170928,
 80.4725939170928,
 80.4725939170928,
 80.4725939170928,
 80.4725939170928,
 80.4725939170928,
 80.4725939170928,
 80.4725939170928]