actions:
[('init', None, 100),
 ('turnRight', 100, 50),
 ('turnLeft', 100, 50),
 ('turnRight', 100, 50),
 ('turnLeft', 100, 50),
 ('turnRight', 100, 50),
 ('turnLeft', 100, 50),
 ('turnRight', 100, 50),
 ('turnLeft', 100, 50),
 ('turnLeft', 100, 50),
 ('turnRight', 100, 50),
 ('turnRight', 100, 50),
 ('turnLeft', 100, 50),
 ('turnLeft', 100, 50),
 ('turnRight', 100, 50),
 ('turnLeft', 100, 50),
 ('turnRight', 100, 50),
 ('turnLeft', 100, 50),
 ('turnLeft', 100, 50),
 ('driveForward', 100, 150),
 ('driveForward', 100, 150),
 ('turnLeft', 100, 50),
 ('driveForward', 100, 150),
 ('driveForward', 100, 150),
 ('turnLeft', 100, 50),
 ('turnLeft', 100, 50),
 ('driveForward', 100, 150),
 ('turnLeft', 100, 50),
 ('driveForward', 100, 150),
 ('driveForward', 100, 150),
 ('turnLeft', 100, 50),
 ('turnLeft', 100, 50),
 ('driveForward', 100, 150),
 ('turnLeft', 100, 50),
 ('driveForward', 100, 150),
 ('driveForward', 100, 150),
 ('driveForward', 100, 150),
 ('turnLeft', 100, 50),
 ('turnLeft', 100, 50),
 ('turnLeft', 100, 50),
 ('driveForward', 100, 150),
 ('driveForward', 100, 150),
 ('turnLeft', 100, 50),
 ('driveForward', 100, 150),
 ('driveForward', 100, 150),
 ('driveForward', 100, 150),
 ('driveForward', 100, 150),
 ('turnLeft', 100, 50),
 ('turnLeft', 100, 50),
 ('driveForward', 100, 150),
 ('driveForward', 100, 150),
 ('driveForward', 100, 150),
 ('driveForward', 100, 150),
 ('turnLeft', 100, 50),
 ('turnLeft', 100, 50),
 ('turnLeft', 100, 50),
 ('driveForward', 100, 150),
 ('driveForward', 100, 150),
 ('driveForward', 100, 150),
 ('driveForward', 100, 150),
 ('driveForward', 100, 150),
 ('driveForward', 100, 150),
 ('driveForward', 100, 150),
 ('driveForward', 100, 150),
 ('driveForward', 100, 150),
 ('turnLeft', 100, 50),
 ('turnLeft', 100, 50),
 ('turnRight', 100, 50),
 ('turnRight', 100, 50),
 ('turnLeft', 100, 50),
 ('turnLeft', 100, 50),
 ('turnRight', 100, 50),
 ('turnRight', 100, 50),
 ('turnLeft', 100, 50),
 ('turnLeft', 100, 50),
 ('turnRight', 100, 50),
 ('turnRight', 100, 50),
 ('turnLeft', 100, 50),
 ('turnLeft', 100, 50),
 ('turnRight', 100, 50),
 ('turnLeft', 100, 50),
 ('turnRight', 100, 50),
 ('turnLeft', 100, 50),
 ('turnRight', 100, 50),
 ('turnLeft', 100, 50),
 ('turnRight', 100, 50),
 ('turnLeft', 100, 50),
 ('turnRight', 100, 50),
 ('turnLeft', 100, 50),
 ('turnRight', 100, 50),
 ('turnLeft', 100, 50),
 ('turnRight', 100, 50),
 ('turnLeft', 100, 50),
 ('turnRight', 100, 50),
 ('turnLeft', 100, 50),
 ('turnRight', 100, 50),
 ('turnLeft', 100, 50),
 ('turnRight', 100, 50),
 ('turnLeft', 100, 50),
 ('turnRight', 100, 50),
 ('turnLeft', 100, 50),
 ('turnRight', 100, 50),
 ('driveForward', 100, 150),
 ('driveForward', 100, 150),
 ('driveForward', 100, 150),
 ('driveForward', 100, 150),
 ('driveForward', 100, 150),
 ('driveForward', 100, 150),
 ('driveForward', 100, 150),
 ('turnLeft', 100, 50),
 ('driveForward', 100, 150),
 ('driveForward', 100, 150),
 ('driveForward', 100, 150),
 ('driveForward', 100, 150),
 ('driveForward', 100, 150),
 ('driveForward', 100, 150),
 ('driveForward', 100, 150),
 ('driveForward', 100, 150),
 ('driveForward', 100, 150),
 ('turnLeft', 100, 50),
 ('driveForward', 100, 150),
 ('driveForward', 100, 150)]

positions:
[(100, 273),
 (100, 273),
 (100, 273),
 (100, 273),
 (100, 273),
 (100, 273),
 (100, 273),
 (100, 273),
 (100, 273),
 (100, 273),
 (100, 273),
 (100, 273),
 (100, 273),
 (100, 273),
 (100, 273),
 (100, 273),
 (100, 273),
 (100, 273),
 (100, 273),
 (114.82964859505931, 302.379408138134),
 (129.65929719011862, 331.758816276268),
 (129.65929719011862, 331.758816276268),
 (146.6254305764534, 359.95843361262735),
 (163.59156396278817, 388.15805094898667),
 (163.59156396278817, 388.15805094898667),
 (163.59156396278817, 388.15805094898667),
 (184.53950785435512, 413.5401656504012),
 (184.53950785435512, 413.5401656504012),
 (207.31087897616217, 437.3000637401012),
 (230.08225009796922, 461.05996182980124),
 (230.08225009796922, 461.05996182980124),
 (230.08225009796922, 461.05996182980124),
 (256.11543391307595, 481.193054996249),
 (256.11543391307595, 481.193054996249),
 (283.5690644289488, 499.3415059355973),
 (311.0226949448217, 517.4899568749456),
 (338.47632546069457, 535.6384078142939),
 (338.47632546069457, 535.6384078142939),
 (338.47632546069457, 535.6384078142939),
 (338.47632546069457, 535.6384078142939),
 (369.2583297263571, 547.2804142302317),
 (400.0403339920196, 558.9224206461695),
 (400.0403339920196, 558.9224206461695),
 (431.600464962015, 568.2512058380762),
 (463.1605959320104, 577.5799910299829),
 (494.72072690200577, 586.9087762218896),
 (526.2808578720012, 596.2375614137964),
 (526.2808578720012, 596.2375614137964),
 (526.2808578720012, 596.2375614137964),
 (558.8732102968768, 600.7989935806394),
 (591.4655627217523, 605.3604257474824),
 (624.0579151466279, 609.9218579143254),
 (656.6502675715035, 614.4832900811684),
 (656.6502675715035, 614.4832900811684),
 (656.6502675715035, 614.4832900811684),
 (656.6502675715035, 614.4832900811684),
 (689.4456645956597, 611.7391993341325),
 (722.2410616198158, 608.9951085870966),
 (755.036458643972, 606.2510178400607),
 (787.8318556681281, 603.5069270930248),
 (820.6272526922843, 600.762836345989),
 (853.4226497164404, 598.018745598953),
 (886.2180467405966, 595.2746548519171),
 (919.0134437647528, 592.5305641048813),
 (951.8088407889089, 589.7864733578454),
 (951.8088407889089, 589.7864733578454),
 (951.8088407889089, 589.7864733578454),
 (951.8088407889089, 589.7864733578454),
 (951.8088407889089, 589.7864733578454),
 (951.8088407889089, 589.7864733578454),
 (951.8088407889089, 589.7864733578454),
 (951.8088407889089, 589.7864733578454),
 (951.8088407889089, 589.7864733578454),
 (951.8088407889089, 589.7864733578454),
 (951.8088407889089, 589.7864733578454),
 (951.8088407889089, 589.7864733578454),
 (951.8088407889089, 589.7864733578454),
 (951.8088407889089, 589.7864733578454),
 (951.8088407889089, 589.7864733578454),
 (951.8088407889089, 589.7864733578454),
 (951.8088407889089, 589.7864733578454),
 (951.8088407889089, 589.7864733578454),
 (951.8088407889089, 589.7864733578454),
 (951.8088407889089, 589.7864733578454),
 (951.8088407889089, 589.7864733578454),
 (951.8088407889089, 589.7864733578454),
 (951.8088407889089, 589.7864733578454),
 (951.8088407889089, 589.7864733578454),
 (951.8088407889089, 589.7864733578454),
 (951.8088407889089, 589.7864733578454),
 (951.8088407889089, 589.7864733578454),
 (951.8088407889089, 589.7864733578454),
 (951.8088407889089, 589.7864733578454),
 (951.8088407889089, 589.7864733578454),
 (951.8088407889089, 589.7864733578454),
 (951.8088407889089, 589.7864733578454),
 (951.8088407889089, 589.7864733578454),
 (951.8088407889089, 589.7864733578454),
 (951.8088407889089, 589.7864733578454),
 (951.8088407889089, 589.7864733578454),
 (951.8088407889089, 589.7864733578454),
 (951.8088407889089, 589.7864733578454),
 (984.3106961194378, 584.6195109936151),
 (1016.8125514499667, 579.4525486293849),
 (1049.3144067804956, 574.2855862651546),
 (1081.8162621110243, 569.1186239009244),
 (1114.318117441553, 563.9516615366941),
 (1146.8199727720819, 558.7846991724639),
 (1179.3218281026107, 553.6177368082336),
 (1179.3218281026107, 553.6177368082336),
 (1211.3513935673477, 546.0563192070082),
 (1243.3809590320848, 538.4949016057827),
 (1275.4105244968218, 530.9334840045573),
 (1307.440089961559, 523.3720664033318),
 (1339.469655426296, 515.8106488021064),
 (1371.499220891033, 508.24923120088084),
 (1403.52878635577, 500.6878135996553),
 (1435.5583518205071, 493.1263959984298),
 (1467.5879172852442, 485.5649783972043),
 (1467.5879172852442, 485.5649783972043),
 (1498.9690421314456, 475.6506905565613),
 (1530.350166977647, 465.7364027159183)]

orientations:
[71.71702901564188,
 75.96702901564188,
 71.71702901564188,
 75.96702901564188,
 71.71702901564188,
 75.96702901564188,
 71.71702901564188,
 75.96702901564188,
 71.71702901564188,
 67.46702901564188,
 71.71702901564188,
 75.96702901564188,
 71.71702901564188,
 67.46702901564188,
 71.71702901564188,
 67.46702901564188,
 71.71702901564188,
 67.46702901564188,
 63.217029015641884,
 63.217029015641884,
 63.217029015641884,
 58.967029015641884,
 58.967029015641884,
 58.967029015641884,
 54.717029015641884,
 50.467029015641884,
 50.467029015641884,
 46.217029015641884,
 46.217029015641884,
 46.217029015641884,
 41.967029015641884,
 37.717029015641884,
 37.717029015641884,
 33.467029015641884,
 33.467029015641884,
 33.467029015641884,
 33.467029015641884,
 29.217029015641884,
 24.967029015641884,
 20.717029015641884,
 20.717029015641884,
 20.717029015641884,
 16.467029015641884,
 16.467029015641884,
 16.467029015641884,
 16.467029015641884,
 16.467029015641884,
 12.217029015641884,
 7.9670290156418835,
 7.9670290156418835,
 7.9670290156418835,
 7.9670290156418835,
 7.9670290156418835,
 3.7170290156418826,
 -0.5329709843581183,
 -4.782970984358119,
 -4.782970984358119,
 -4.782970984358119,
 -4.782970984358119,
 -4.782970984358119,
 -4.782970984358119,
 -4.782970984358119,
 -4.782970984358119,
 -4.782970984358119,
 -4.782970984358119,
 -9.03297098435812,
 -13.28297098435812,
 -9.03297098435812,
 -4.782970984358118,
 -9.03297098435812,
 -13.28297098435812,
 -9.03297098435812,
 -4.782970984358118,
 -9.03297098435812,
 -13.28297098435812,
 -9.03297098435812,
 -4.782970984358118,
 -9.03297098435812,
 -13.28297098435812,
 -9.03297098435812,
 -13.28297098435812,
 -9.03297098435812,
 -13.28297098435812,
 -9.03297098435812,
 -13.28297098435812,
 -9.03297098435812,
 -13.28297098435812,
 -9.03297098435812,
 -13.28297098435812,
 -9.03297098435812,
 -13.28297098435812,
 -9.03297098435812,
 -13.28297098435812,
 -9.03297098435812,
 -13.28297098435812,
 -9.03297098435812,
 -13.28297098435812,
 -9.03297098435812,
 -13.28297098435812,
 -9.03297098435812,
 -13.28297098435812,
 -9.03297098435812,
 -9.03297098435812,
 -9.03297098435812,
 -9.03297098435812,
 -9.03297098435812,
 -9.03297098435812,
 -9.03297098435812,
 -9.03297098435812,
 -13.28297098435812,
 -13.28297098435812,
 -13.28297098435812,
 -13.28297098435812,
 -13.28297098435812,
 -13.28297098435812,
 -13.28297098435812,
 -13.28297098435812,
 -13.28297098435812,
 -13.28297098435812,
 -17.53297098435812,
 -17.53297098435812,
 -17.53297098435812]