actions:
[('init', None, 100),
 ('turnRight', 100, 50),
 ('turnRight', 100, 50),
 ('turnRight', 100, 50),
 ('turnLeft', 100, 50),
 ('turnLeft', 100, 50),
 ('turnRight', 100, 50),
 ('turnRight', 100, 50),
 ('turnLeft', 100, 50),
 ('turnLeft', 100, 50),
 ('turnRight', 100, 50),
 ('turnRight', 100, 50),
 ('turnLeft', 100, 50),
 ('turnLeft', 100, 50),
 ('turnRight', 100, 50),
 ('turnRight', 100, 50),
 ('turnLeft', 100, 50),
 ('turnLeft', 100, 50),
 ('turnRight', 100, 50),
 ('turnRight', 100, 50),
 ('turnLeft', 100, 50),
 ('turnLeft', 100, 50),
 ('turnRight', 100, 50),
 ('turnRight', 100, 50),
 ('turnLeft', 100, 50),
 ('turnLeft', 100, 50),
 ('turnRight', 100, 50),
 ('turnRight', 100, 50),
 ('turnLeft', 100, 50),
 ('driveForward', 100, 150),
 ('turnRight', 100, 50),
 ('turnRight', 100, 50),
 ('driveForward', 100, 150),
 ('turnRight', 100, 50),
 ('driveForward', 100, 150),
 ('turnLeft', 100, 50),
 ('turnLeft', 100, 50),
 ('turnLeft', 100, 50),
 ('turnLeft', 100, 50),
 ('turnLeft', 100, 50),
 ('turnLeft', 100, 50),
 ('turnLeft', 100, 50),
 ('turnLeft', 100, 50),
 ('turnLeft', 100, 50),
 ('turnLeft', 100, 50),
 ('turnLeft', 100, 50),
 ('turnLeft', 100, 50),
 ('turnLeft', 100, 50),
 ('turnLeft', 100, 50),
 ('turnLeft', 100, 50),
 ('turnLeft', 100, 50),
 ('turnLeft', 100, 50),
 ('turnLeft', 100, 50),
 ('turnLeft', 100, 50),
 ('turnLeft', 100, 50),
 ('turnLeft', 100, 50),
 ('turnLeft', 100, 50),
 ('turnLeft', 100, 50),
 ('turnLeft', 100, 50),
 ('turnLeft', 100, 50),
 ('turnLeft', 100, 50),
 ('turnLeft', 100, 50),
 ('turnLeft', 100, 50),
 ('turnLeft', 100, 50)]

positions:
[(100, 481),
 (100, 481),
 (100, 481),
 (100, 481),
 (100, 481),
 (100, 481),
 (100, 481),
 (100, 481),
 (100, 481),
 (100, 481),
 (100, 481),
 (100, 481),
 (100, 481),
 (100, 481),
 (100, 481),
 (100, 481),
 (100, 481),
 (100, 481),
 (100, 481),
 (100, 481),
 (100, 481),
 (100, 481),
 (100, 481),
 (100, 481),
 (100, 481),
 (100, 481),
 (100, 481),
 (100, 481),
 (100, 481),
 (123.69782530386104, 458.1640376627635),
 (123.69782530386104, 458.1640376627635),
 (123.69782530386104, 458.1640376627635),
 (150.51072060220392, 439.08167025931743),
 (150.51072060220392, 439.08167025931743),
 (178.6640508391528, 422.03883902242194),
 (178.6640508391528, 422.03883902242194),
 (178.6640508391528, 422.03883902242194),
 (178.6640508391528, 422.03883902242194),
 (178.6640508391528, 422.03883902242194),
 (178.6640508391528, 422.03883902242194),
 (178.6640508391528, 422.03883902242194),
 (178.6640508391528, 422.03883902242194),
 (178.6640508391528, 422.03883902242194),
 (178.6640508391528, 422.03883902242194),
 (178.6640508391528, 422.03883902242194),
 (178.6640508391528, 422.03883902242194),
 (178.6640508391528, 422.03883902242194),
 (178.6640508391528, 422.03883902242194),
 (178.6640508391528, 422.03883902242194),
 (178.6640508391528, 422.03883902242194),
 (178.6640508391528, 422.03883902242194),
 (178.6640508391528, 422.03883902242194),
 (178.6640508391528, 422.03883902242194),
 (178.6640508391528, 422.03883902242194),
 (178.6640508391528, 422.03883902242194),
 (178.6640508391528, 422.03883902242194),
 (178.6640508391528, 422.03883902242194),
 (178.6640508391528, 422.03883902242194),
 (178.6640508391528, 422.03883902242194),
 (178.6640508391528, 422.03883902242194),
 (178.6640508391528, 422.03883902242194),
 (178.6640508391528, 422.03883902242194),
 (178.6640508391528, 422.03883902242194),
 (178.6640508391528, 422.03883902242194)]

orientations:
[-52.43893302754021,
 -48.18893302754021,
 -43.93893302754021,
 -39.68893302754021,
 -43.93893302754021,
 -48.18893302754021,
 -43.93893302754021,
 -39.68893302754021,
 -43.93893302754021,
 -48.18893302754021,
 -43.93893302754021,
 -39.68893302754021,
 -43.93893302754021,
 -48.18893302754021,
 -43.93893302754021,
 -39.68893302754021,
 -43.93893302754021,
 -48.18893302754021,
 -43.93893302754021,
 -39.68893302754021,
 -43.93893302754021,
 -48.18893302754021,
 -43.93893302754021,
 -39.68893302754021,
 -43.93893302754021,
 -48.18893302754021,
 -43.93893302754021,
 -39.68893302754021,
 -43.93893302754021,
 -43.93893302754021,
 -39.68893302754021,
 -35.43893302754021,
 -35.43893302754021,
 -31.18893302754021,
 -31.18893302754021,
 -35.43893302754021,
 -39.68893302754021,
 -43.93893302754021,
 -48.18893302754021,
 -52.43893302754021,
 -56.68893302754021,
 -60.93893302754021,
 -65.18893302754022,
 -69.43893302754022,
 -73.68893302754022,
 -77.93893302754022,
 -82.18893302754022,
 -86.43893302754022,
 -90.68893302754022,
 -94.93893302754022,
 -99.18893302754022,
 -103.43893302754022,
 -107.68893302754022,
 -111.93893302754022,
 -116.18893302754022,
 -120.43893302754022,
 -124.68893302754022,
 -128.93893302754023,
 -133.18893302754023,
 -137.43893302754023,
 -141.68893302754023,
 -145.93893302754023,
 -150.18893302754023,
 -154.43893302754023]