actions:
[('init', None, 100),
 ('driveForward', 100, 150),
 ('driveForward', 100, 150),
 ('turnRight', 100, 50),
 ('driveForward', 100, 150),
 ('driveForward', 100, 150),
 ('driveForward', 100, 150),
 ('driveForward', 100, 150),
 ('driveForward', 100, 150),
 ('turnRight', 100, 50),
 ('driveForward', 100, 150),
 ('driveForward', 100, 150),
 ('driveForward', 100, 150),
 ('driveForward', 100, 150),
 ('driveForward', 100, 150),
 ('driveForward', 100, 150),
 ('turnRight', 100, 50),
 ('driveForward', 100, 150),
 ('driveForward', 100, 150),
 ('driveForward', 100, 150),
 ('driveForward', 100, 150),
 ('turnRight', 100, 50),
 ('driveForward', 100, 150),
 ('turnLeft', 100, 50),
 ('driveForward', 100, 150),
 ('turnRight', 100, 50),
 ('driveForward', 100, 150),
 ('driveForward', 100, 150),
 ('driveForward', 100, 150),
 ('driveForward', 100, 150),
 ('driveForward', 100, 150),
 ('driveForward', 100, 150),
 ('driveForward', 100, 150),
 ('turnRight', 100, 50),
 ('driveForward', 100, 150),
 ('turnLeft', 100, 50),
 ('driveForward', 100, 150),
 ('driveForward', 100, 150),
 ('turnRight', 100, 50),
 ('driveForward', 100, 150),
 ('turnLeft', 100, 50),
 ('driveForward', 100, 150),
 ('driveForward', 100, 150),
 ('driveForward', 100, 150),
 ('driveForward', 100, 150),
 ('turnLeft', 100, 50),
 ('driveForward', 100, 150),
 ('driveForward', 100, 150),
 ('turnLeft', 100, 50),
 ('driveForward', 100, 150),
 ('driveForward', 100, 150),
 ('turnLeft', 100, 50),
 ('driveForward', 100, 150),
 ('turnLeft', 100, 50),
 ('driveForward', 100, 150),
 ('turnLeft', 100, 50),
 ('turnRight', 100, 50),
 ('turnLeft', 100, 50),
 ('turnRight', 100, 50),
 ('turnLeft', 100, 50),
 ('turnRight', 100, 50),
 ('turnLeft', 100, 50),
 ('turnLeft', 100, 50),
 ('driveForward', 100, 150),
 ('turnLeft', 100, 50),
 ('driveForward', 100, 150),
 ('turnLeft', 100, 50),
 ('turnLeft', 100, 50),
 ('driveForward', 100, 150),
 ('turnLeft', 100, 50),
 ('driveForward', 100, 150),
 ('turnLeft', 100, 50),
 ('turnLeft', 100, 50),
 ('driveForward', 100, 150),
 ('turnLeft', 100, 50),
 ('driveForward', 100, 150),
 ('turnLeft', 100, 50),
 ('turnLeft', 100, 50),
 ('driveForward', 100, 150),
 ('turnLeft', 100, 50),
 ('driveForward', 100, 150),
 ('turnRight', 100, 50),
 ('turnRight', 100, 50)]

positions:
[(100, 956),
 (131.27914033726444, 945.7685054971565),
 (162.55828067452887, 935.537010994313),
 (162.55828067452887, 935.537010994313),
 (194.50964977566687, 927.6517010725127),
 (226.46101887680487, 919.7663911507123),
 (258.4123879779429, 911.8810812289119),
 (290.3637570790809, 903.9957713071115),
 (322.31512618021895, 896.110461385311),
 (322.31512618021895, 896.110461385311),
 (354.76300334353823, 890.6147023299901),
 (387.2108805068575, 885.1189432746692),
 (419.6587576701768, 879.6231842193482),
 (452.10663483349606, 874.1274251640273),
 (484.55451199681534, 868.6316661087063),
 (517.0023891601346, 863.1359070533854),
 (517.0023891601346, 863.1359070533854),
 (549.7683230734077, 860.0599235048237),
 (582.5342569866808, 856.983939956262),
 (615.3001908999539, 853.9079564077003),
 (648.066124813227, 850.8319728591387),
 (648.066124813227, 850.8319728591387),
 (680.9699149698458, 850.1926815881275),
 (680.9699149698458, 850.1926815881275),
 (713.7358488831189, 847.1166980395658),
 (713.7358488831189, 847.1166980395658),
 (746.6396390397379, 846.4774067685546),
 (779.5434291963568, 845.8381154975434),
 (812.4472193529757, 845.1988242265322),
 (845.3510095095946, 844.559532955521),
 (878.2547996662136, 843.9202416845098),
 (911.1585898228325, 843.2809504134987),
 (944.0623799794514, 842.6416591424875),
 (944.0623799794514, 842.6416591424875),
 (976.923067714504, 844.4425760143523),
 (976.923067714504, 844.4425760143523),
 (1009.8268578711229, 843.8032847433411),
 (1042.7306480277418, 843.1639934723299),
 (1042.7306480277418, 843.1639934723299),
 (1075.5913357627944, 844.9649103441948),
 (1075.5913357627944, 844.9649103441948),
 (1108.4951259194133, 844.3256190731836),
 (1141.3989160760323, 843.6863278021724),
 (1174.3027062326512, 843.0470365311612),
 (1207.2064963892701, 842.40774526015),
 (1207.2064963892701, 842.40774526015),
 (1239.9724303025432, 839.3317617115883),
 (1272.7383642158163, 836.2557781630267),
 (1272.7383642158163, 836.2557781630267),
 (1305.1862413791357, 830.7600191077057),
 (1337.634118542455, 825.2642600523848),
 (1337.634118542455, 825.2642600523848),
 (1369.585487643593, 817.3789501305844),
 (1369.585487643593, 817.3789501305844),
 (1400.8646279808574, 807.1474556277409),
 (1400.8646279808574, 807.1474556277409),
 (1400.8646279808574, 807.1474556277409),
 (1400.8646279808574, 807.1474556277409),
 (1400.8646279808574, 807.1474556277409),
 (1400.8646279808574, 807.1474556277409),
 (1400.8646279808574, 807.1474556277409),
 (1400.8646279808574, 807.1474556277409),
 (1400.8646279808574, 807.1474556277409),
 (1430.2878827892944, 792.4049939446369),
 (1430.2878827892944, 792.4049939446369),
 (1458.5376875161392, 775.5225583118515),
 (1458.5376875161392, 775.5225583118515),
 (1458.5376875161392, 775.5225583118515),
 (1483.9818096585495, 754.649974657639),
 (1483.9818096585495, 754.649974657639),
 (1507.8091295136715, 731.9491612686496),
 (1507.8091295136715, 731.9491612686496),
 (1507.8091295136715, 731.9491612686496),
 (1528.0193329725955, 705.9757945991381),
 (1528.0193329725955, 705.9757945991381),
 (1546.2491151237368, 678.5761022154283),
 (1546.2491151237368, 678.5761022154283),
 (1546.2491151237368, 678.5761022154283),
 (1560.228726460479, 648.7828384319213),
 (1560.228726460479, 648.7828384319213),
 (1571.961962656675, 618.0354927194167),
 (1571.961962656675, 618.0354927194167),
 (1571.961962656675, 618.0354927194167)]

orientations:
[-18.113065807523288,
 -18.113065807523288,
 -18.113065807523288,
 -13.863065807523288,
 -13.863065807523288,
 -13.863065807523288,
 -13.863065807523288,
 -13.863065807523288,
 -13.863065807523288,
 -9.613065807523288,
 -9.613065807523288,
 -9.613065807523288,
 -9.613065807523288,
 -9.613065807523288,
 -9.613065807523288,
 -9.613065807523288,
 -5.363065807523287,
 -5.363065807523287,
 -5.363065807523287,
 -5.363065807523287,
 -5.363065807523287,
 -1.1130658075232862,
 -1.1130658075232862,
 -5.363065807523287,
 -5.363065807523287,
 -1.1130658075232862,
 -1.1130658075232862,
 -1.1130658075232862,
 -1.1130658075232862,
 -1.1130658075232862,
 -1.1130658075232862,
 -1.1130658075232862,
 -1.1130658075232862,
 3.1369341924767147,
 3.1369341924767147,
 -1.1130658075232862,
 -1.1130658075232862,
 -1.1130658075232862,
 3.1369341924767147,
 3.1369341924767147,
 -1.1130658075232862,
 -1.1130658075232862,
 -1.1130658075232862,
 -1.1130658075232862,
 -1.1130658075232862,
 -5.363065807523287,
 -5.363065807523287,
 -5.363065807523287,
 -9.613065807523288,
 -9.613065807523288,
 -9.613065807523288,
 -13.863065807523288,
 -13.863065807523288,
 -18.113065807523288,
 -18.113065807523288,
 -22.363065807523288,
 -18.113065807523288,
 -22.363065807523288,
 -18.113065807523288,
 -22.363065807523288,
 -18.113065807523288,
 -22.363065807523288,
 -26.613065807523288,
 -26.613065807523288,
 -30.863065807523288,
 -30.863065807523288,
 -35.11306580752329,
 -39.36306580752329,
 -39.36306580752329,
 -43.61306580752329,
 -43.61306580752329,
 -47.86306580752329,
 -52.11306580752329,
 -52.11306580752329,
 -56.36306580752329,
 -56.36306580752329,
 -60.61306580752329,
 -64.8630658075233,
 -64.8630658075233,
 -69.1130658075233,
 -69.1130658075233,
 -64.8630658075233,
 -60.6130658075233]