actions:
[('init', None, 100),
 ('driveForward', 100, 150),
 ('driveForward', 100, 150),
 ('driveForward', 100, 150),
 ('driveForward', 100, 150),
 ('turnLeft', 100, 50),
 ('driveForward', 100, 150),
 ('turnLeft', 100, 50),
 ('turnLeft', 100, 50),
 ('turnLeft', 100, 50),
 ('turnLeft', 100, 50),
 ('turnRight', 100, 50),
 ('turnRight', 100, 50),
 ('turnLeft', 100, 50),
 ('turnLeft', 100, 50),
 ('turnRight', 100, 50),
 ('driveForward', 100, 150),
 ('turnRight', 100, 50),
 ('turnRight', 100, 50),
 ('driveForward', 100, 150),
 ('turnRight', 100, 50),
 ('driveForward', 100, 150),
 ('driveForward', 100, 150),
 ('driveForward', 100, 150),
 ('driveForward', 100, 150),
 ('driveForward', 100, 150),
 ('driveForward', 100, 150),
 ('driveForward', 100, 150),
 ('driveForward', 100, 150),
 ('driveForward', 100, 150),
 ('turnLeft', 100, 50),
 ('driveForward', 100, 150),
 ('driveForward', 100, 150),
 ('turnLeft', 100, 50),
 ('turnLeft', 100, 50),
 ('driveForward', 100, 150),
 ('turnLeft', 100, 50),
 ('driveForward', 100, 150),
 ('driveForward', 100, 150),
 ('turnRight', 100, 50),
 ('driveForward', 100, 150),
 ('driveForward', 100, 150),
 ('turnLeft', 100, 50),
 ('turnRight', 100, 50),
 ('driveForward', 100, 150),
 ('turnRight', 100, 50),
 ('turnRight', 100, 50),
 ('driveForward', 100, 150),
 ('driveForward', 100, 150),
 ('driveForward', 100, 150),
 ('driveForward', 100, 150),
 ('turnLeft', 100, 50),
 ('driveForward', 100, 150),
 ('driveForward', 100, 150),
 ('driveForward', 100, 150),
 ('turnRight', 100, 50),
 ('driveForward', 100, 150),
 ('driveForward', 100, 150),
 ('turnRight', 100, 50),
 ('driveForward', 100, 150),
 ('turnLeft', 100, 50),
 ('turnLeft', 100, 50),
 ('driveForward', 100, 150),
 ('turnRight', 100, 50),
 ('turnRight', 100, 50),
 ('turnLeft', 100, 50),
 ('turnLeft', 100, 50),
 ('turnRight', 100, 50),
 ('driveForward', 100, 150),
 ('turnRight', 100, 50),
 ('turnLeft', 100, 50),
 ('turnRight', 100, 50),
 ('turnRight', 100, 50),
 ('turnRight', 100, 50),
 ('turnRight', 100, 50),
 ('turnRight', 100, 50),
 ('turnRight', 100, 50),
 ('turnLeft', 100, 50),
 ('turnLeft', 100, 50),
 ('turnRight', 100, 50),
 ('turnLeft', 100, 50),
 ('turnRight', 100, 50),
 ('turnLeft', 100, 50),
 ('turnRight', 100, 50),
 ('driveForward', 100, 150),
 ('turnLeft', 100, 50),
 ('turnLeft', 100, 50),
 ('turnLeft', 100, 50),
 ('turnRight', 100, 50),
 ('turnLeft', 100, 50),
 ('turnRight', 100, 50),
 ('turnLeft', 100, 50),
 ('turnRight', 100, 50),
 ('turnRight', 100, 50),
 ('turnLeft', 100, 50),
 ('turnLeft', 100, 50),
 ('turnRight', 100, 50),
 ('turnLeft', 100, 50),
 ('turnRight', 100, 50),
 ('turnLeft', 100, 50),
 ('turnRight', 100, 50),
 ('turnLeft', 100, 50),
 ('turnRight', 100, 50),
 ('turnLeft', 100, 50),
 ('turnRight', 100, 50),
 ('turnLeft', 100, 50),
 ('turnLeft', 100, 50),
 ('turnLeft', 100, 50),
 ('turnRight', 100, 50),
 ('turnRight', 100, 50),
 ('turnRight', 100, 50),
 ('turnLeft', 100, 50),
 ('turnRight', 100, 50),
 ('turnLeft', 100, 50),
 ('turnRight', 100, 50),
 ('turnLeft', 100, 50),
 ('turnRight', 100, 50),
 ('turnLeft', 100, 50),
 ('driveForward', 100, 150),
 ('turnLeft', 100, 50),
 ('turnRight', 100, 50),
 ('driveForward', 100, 150),
 ('turnLeft', 100, 50),
 ('driveForward', 100, 150),
 ('driveForward', 100, 150),
 ('driveForward', 100, 150),
 ('turnLeft', 100, 50),
 ('driveForward', 100, 150)]

positions:
[(100, 480),
 (132.5235116935613, 485.02884550555905),
 (165.04702338712258, 490.0576910111181),
 (197.57053508068387, 495.08653651667714),
 (230.09404677424516, 500.1153820222362),
 (230.09404677424516, 500.1153820222362),
 (262.90080497857736, 502.7201307860294),
 (262.90080497857736, 502.7201307860294),
 (262.90080497857736, 502.7201307860294),
 (262.90080497857736, 502.7201307860294),
 (262.90080497857736, 502.7201307860294),
 (262.90080497857736, 502.7201307860294),
 (262.90080497857736, 502.7201307860294),
 (262.90080497857736, 502.7201307860294),
 (262.90080497857736, 502.7201307860294),
 (262.90080497857736, 502.7201307860294),
 (295.473486024997, 498.0202851025825),
 (295.473486024997, 498.0202851025825),
 (295.473486024997, 498.0202851025825),
 (328.38306571500436, 498.18661197068434),
 (328.38306571500436, 498.18661197068434),
 (361.18982391933656, 500.79136073447756),
 (393.99658212366876, 503.3961094982708),
 (426.80334032800096, 506.000858262064),
 (459.61009853233315, 508.60560702585724),
 (492.41685673666535, 511.21035578965046),
 (525.2236149409975, 513.8151045534437),
 (558.0303731453297, 516.419853317237),
 (590.8371313496618, 519.0246020810303),
 (623.643889553994, 521.6293508448235),
 (623.643889553994, 521.6293508448235),
 (656.5534692440013, 521.7956777129255),
 (689.4630489340087, 521.9620045810274),
 (689.4630489340087, 521.9620045810274),
 (689.4630489340087, 521.9620045810274),
 (722.0357299804284, 517.2621588975804),
 (722.0357299804284, 517.2621588975804),
 (754.1705437154053, 510.1613247058575),
 (786.3053574503822, 503.0604905141346),
 (786.3053574503822, 503.0604905141346),
 (818.8780384968019, 498.36064483068765),
 (851.4507195432216, 493.6607991472407),
 (851.4507195432216, 493.6607991472407),
 (851.4507195432216, 493.6607991472407),
 (884.0234005896413, 488.96095346379377),
 (884.0234005896413, 488.96095346379377),
 (884.0234005896413, 488.96095346379377),
 (916.9329802796486, 489.12728033189563),
 (949.842559969656, 489.2936071999975),
 (982.7521396596634, 489.45993406809936),
 (1015.6617193496708, 489.6262609362012),
 (1015.6617193496708, 489.6262609362012),
 (1048.4931300201508, 487.3532511724112),
 (1081.324540690631, 485.0802414086212),
 (1114.1559513611112, 482.8072316448312),
 (1114.1559513611112, 482.8072316448312),
 (1147.0655310511186, 482.97355851293304),
 (1179.975110741126, 483.1398853810349),
 (1179.975110741126, 483.1398853810349),
 (1212.7818689454582, 485.7446341448281),
 (1212.7818689454582, 485.7446341448281),
 (1212.7818689454582, 485.7446341448281),
 (1245.6132796159384, 483.4716243810381),
 (1245.6132796159384, 483.4716243810381),
 (1245.6132796159384, 483.4716243810381),
 (1245.6132796159384, 483.4716243810381),
 (1245.6132796159384, 483.4716243810381),
 (1245.6132796159384, 483.4716243810381),
 (1278.5228593059458, 483.63795124914),
 (1278.5228593059458, 483.63795124914),
 (1278.5228593059458, 483.63795124914),
 (1278.5228593059458, 483.63795124914),
 (1278.5228593059458, 483.63795124914),
 (1278.5228593059458, 483.63795124914),
 (1278.5228593059458, 483.63795124914),
 (1278.5228593059458, 483.63795124914),
 (1278.5228593059458, 483.63795124914),
 (1278.5228593059458, 483.63795124914),
 (1278.5228593059458, 483.63795124914),
 (1278.5228593059458, 483.63795124914),
 (1278.5228593059458, 483.63795124914),
 (1278.5228593059458, 483.63795124914),
 (1278.5228593059458, 483.63795124914),
 (1278.5228593059458, 483.63795124914),
 (1309.1345633680332, 495.72065270267154),
 (1309.1345633680332, 495.72065270267154),
 (1309.1345633680332, 495.72065270267154),
 (1309.1345633680332, 495.72065270267154),
 (1309.1345633680332, 495.72065270267154),
 (1309.1345633680332, 495.72065270267154),
 (1309.1345633680332, 495.72065270267154),
 (1309.1345633680332, 495.72065270267154),
 (1309.1345633680332, 495.72065270267154),
 (1309.1345633680332, 495.72065270267154),
 (1309.1345633680332, 495.72065270267154),
 (1309.1345633680332, 495.72065270267154),
 (1309.1345633680332, 495.72065270267154),
 (1309.1345633680332, 495.72065270267154),
 (1309.1345633680332, 495.72065270267154),
 (1309.1345633680332, 495.72065270267154),
 (1309.1345633680332, 495.72065270267154),
 (1309.1345633680332, 495.72065270267154),
 (1309.1345633680332, 495.72065270267154),
 (1309.1345633680332, 495.72065270267154),
 (1309.1345633680332, 495.72065270267154),
 (1309.1345633680332, 495.72065270267154),
 (1309.1345633680332, 495.72065270267154),
 (1309.1345633680332, 495.72065270267154),
 (1309.1345633680332, 495.72065270267154),
 (1309.1345633680332, 495.72065270267154),
 (1309.1345633680332, 495.72065270267154),
 (1309.1345633680332, 495.72065270267154),
 (1309.1345633680332, 495.72065270267154),
 (1309.1345633680332, 495.72065270267154),
 (1309.1345633680332, 495.72065270267154),
 (1309.1345633680332, 495.72065270267154),
 (1309.1345633680332, 495.72065270267154),
 (1309.1345633680332, 495.72065270267154),
 (1341.6580750615944, 500.7494982082306),
 (1341.6580750615944, 500.7494982082306),
 (1341.6580750615944, 500.7494982082306),
 (1374.1815867551556, 505.77834371378964),
 (1374.1815867551556, 505.77834371378964),
 (1406.988344959488, 508.38309247758286),
 (1439.7951031638202, 510.9878412413761),
 (1472.6018613681524, 513.5925900051693),
 (1472.6018613681524, 513.5925900051693),
 (1505.5114410581598, 513.7589168732712)]

orientations:
[8.789573629052924,
 8.789573629052924,
 8.789573629052924,
 8.789573629052924,
 8.789573629052924,
 4.539573629052923,
 4.539573629052923,
 0.2895736290529225,
 -3.9604263709470784,
 -8.21042637094708,
 -12.46042637094708,
 -8.21042637094708,
 -3.9604263709470784,
 -8.21042637094708,
 -12.46042637094708,
 -8.21042637094708,
 -8.21042637094708,
 -3.9604263709470784,
 0.2895736290529225,
 0.2895736290529225,
 4.539573629052923,
 4.539573629052923,
 4.539573629052923,
 4.539573629052923,
 4.539573629052923,
 4.539573629052923,
 4.539573629052923,
 4.539573629052923,
 4.539573629052923,
 4.539573629052923,
 0.2895736290529225,
 0.2895736290529225,
 0.2895736290529225,
 -3.9604263709470784,
 -8.21042637094708,
 -8.21042637094708,
 -12.46042637094708,
 -12.46042637094708,
 -12.46042637094708,
 -8.21042637094708,
 -8.21042637094708,
 -8.21042637094708,
 -12.46042637094708,
 -8.21042637094708,
 -8.21042637094708,
 -3.9604263709470784,
 0.2895736290529225,
 0.2895736290529225,
 0.2895736290529225,
 0.2895736290529225,
 0.2895736290529225,
 -3.9604263709470784,
 -3.9604263709470784,
 -3.9604263709470784,
 -3.9604263709470784,
 0.2895736290529225,
 0.2895736290529225,
 0.2895736290529225,
 4.539573629052923,
 4.539573629052923,
 0.2895736290529225,
 -3.9604263709470784,
 -3.9604263709470784,
 0.2895736290529225,
 4.539573629052923,
 0.2895736290529225,
 -3.9604263709470784,
 0.2895736290529225,
 0.2895736290529225,
 4.539573629052923,
 0.2895736290529225,
 4.539573629052923,
 8.789573629052924,
 13.039573629052924,
 17.289573629052924,
 21.539573629052924,
 25.789573629052924,
 21.539573629052924,
 17.289573629052924,
 21.539573629052924,
 17.289573629052924,
 21.539573629052924,
 17.289573629052924,
 21.539573629052924,
 21.539573629052924,
 17.289573629052924,
 13.039573629052924,
 8.789573629052924,
 13.039573629052924,
 8.789573629052924,
 13.039573629052924,
 8.789573629052924,
 13.039573629052924,
 17.289573629052924,
 13.039573629052924,
 8.789573629052924,
 13.039573629052924,
 8.789573629052924,
 13.039573629052924,
 8.789573629052924,
 13.039573629052924,
 8.789573629052924,
 13.039573629052924,
 8.789573629052924,
 13.039573629052924,
 8.789573629052924,
 4.539573629052923,
 0.2895736290529225,
 4.539573629052923,
 8.789573629052924,
 13.039573629052924,
 8.789573629052924,
 13.039573629052924,
 8.789573629052924,
 13.039573629052924,
 8.789573629052924,
 13.039573629052924,
 8.789573629052924,
 8.789573629052924,
 4.539573629052923,
 8.789573629052924,
 8.789573629052924,
 4.539573629052923,
 4.539573629052923,
 4.539573629052923,
 4.539573629052923,
 0.2895736290529225,
 0.2895736290529225]