actions:
[('init', None, 100),
 ('driveForward', 100, 150),
 ('driveForward', 100, 150),
 ('driveForward', 100, 150),
 ('driveForward', 100, 150),
 ('driveForward', 100, 150),
 ('driveForward', 100, 150),
 ('turnLeft', 100, 50),
 ('turnLeft', 100, 50),
 ('driveForward', 100, 150),
 ('driveForward', 100, 150),
 ('driveForward', 100, 150),
 ('driveForward', 100, 150),
 ('driveForward', 100, 150),
 ('driveForward', 100, 150),
 ('turnLeft', 100, 50),
 ('turnLeft', 100, 50),
 ('driveForward', 100, 150),
 ('driveForward', 100, 150),
 ('turnLeft', 100, 50),
 ('driveForward', 100, 150),
 ('driveForward', 100, 150),
 ('turnLeft', 100, 50),
 ('turnLeft', 100, 50),
 ('turnLeft', 100, 50),
 ('driveForward', 100, 150),
 ('driveForward', 100, 150),
 ('driveForward', 100, 150),
 ('turnLeft', 100, 50),
 ('turnLeft', 100, 50),
 ('turnLeft', 100, 50),
 ('turnRight', 100, 50),
 ('turnLeft', 100, 50),
 ('turnRight', 100, 50),
 ('turnLeft', 100, 50),
 ('turnRight', 100, 50),
 ('turnLeft', 100, 50),
 ('turnLeft', 100, 50),
 ('turnRight', 100, 50),
 ('turnRight', 100, 50),
 ('turnLeft', 100, 50),
 ('turnLeft', 100, 50),
 ('turnRight', 100, 50),
 ('turnLeft', 100, 50),
 ('turnRight', 100, 50),
 ('turnLeft', 100, 50),
 ('turnRight', 100, 50),
 ('turnLeft', 100, 50),
 ('turnRight', 100, 50),
 ('turnLeft', 100, 50),
 ('turnRight', 100, 50),
 ('turnLeft', 100, 50),
 ('turnRight', 100, 50),
 ('turnLeft', 100, 50),
 ('turnRight', 100, 50),
 ('turnLeft', 100, 50),
 ('turnRight', 100, 50),
 ('turnLeft', 100, 50),
 ('turnRight', 100, 50),
 ('turnLeft', 100, 50),
 ('turnRight', 100, 50),
 ('turnLeft', 100, 50),
 ('turnRight', 100, 50),
 ('turnLeft', 100, 50),
 ('turnRight', 100, 50),
 ('turnLeft', 100, 50),
 ('turnRight', 100, 50),
 ('turnLeft', 100, 50),
 ('turnRight', 100, 50),
 ('turnLeft', 100, 50),
 ('turnRight', 100, 50),
 ('turnLeft', 100, 50),
 ('turnRight', 100, 50),
 ('turnLeft', 100, 50),
 ('turnRight', 100, 50),
 ('turnLeft', 100, 50),
 ('turnRight', 100, 50),
 ('turnLeft', 100, 50),
 ('turnRight', 100, 50),
 ('turnLeft', 100, 50),
 ('turnRight', 100, 50),
 ('turnLeft', 100, 50),
 ('turnRight', 100, 50),
 ('turnLeft', 100, 50),
 ('turnRight', 100, 50),
 ('turnLeft', 100, 50),
 ('driveForward', 100, 150),
 ('turnLeft', 100, 50),
 ('driveForward', 100, 150),
 ('driveForward', 100, 150),
 ('turnLeft', 100, 50),
 ('driveForward', 100, 150),
 ('turnLeft', 100, 50),
 ('driveForward', 100, 150),
 ('driveForward', 100, 150),
 ('driveForward', 100, 150),
 ('turnLeft', 100, 50),
 ('turnLeft', 100, 50),
 ('driveForward', 100, 150),
 ('driveForward', 100, 150),
 ('turnLeft', 100, 50),
 ('turnLeft', 100, 50),
 ('driveForward', 100, 150),
 ('driveForward', 100, 150),
 ('driveForward', 100, 150),
 ('driveForward', 100, 150),
 ('driveForward', 100, 150),
 ('turnLeft', 100, 50),
 ('driveForward', 100, 150),
 ('driveForward', 100, 150),
 ('driveForward', 100, 150),
 ('driveForward', 100, 150),
 ('driveForward', 100, 150),
 ('driveForward', 100, 150),
 ('turnRight', 100, 50),
 ('driveForward', 100, 150),
 ('driveForward', 100, 150),
 ('turnRight', 100, 50),
 ('turnRight', 100, 50),
 ('driveForward', 100, 150),
 ('turnRight', 100, 50),
 ('driveForward', 100, 150),
 ('turnRight', 100, 50),
 ('driveForward', 100, 150),
 ('turnRight', 100, 50),
 ('turnRight', 100, 50),
 ('driveForward', 100, 150),
 ('turnRight', 100, 50),
 ('turnRight', 100, 50),
 ('driveForward', 100, 150),
 ('turnRight', 100, 50),
 ('turnRight', 100, 50),
 ('driveForward', 100, 150),
 ('turnRight', 100, 50),
 ('turnRight', 100, 50),
 ('driveForward', 100, 150),
 ('turnRight', 100, 50),
 ('turnRight', 100, 50),
 ('turnLeft', 100, 50),
 ('turnRight', 100, 50),
 ('turnLeft', 100, 50),
 ('turnRight', 100, 50),
 ('turnLeft', 100, 50),
 ('turnRight', 100, 50),
 ('turnLeft', 100, 50),
 ('turnRight', 100, 50),
 ('driveForward', 100, 150),
 ('turnRight', 100, 50),
 ('turnRight', 100, 50),
 ('driveForward', 100, 150),
 ('turnRight', 100, 50),
 ('driveForward', 100, 150),
 ('turnRight', 100, 50),
 ('turnRight', 100, 50),
 ('driveForward', 100, 150),
 ('turnRight', 100, 50),
 ('driveForward', 100, 150),
 ('turnRight', 100, 50),
 ('driveForward', 100, 150),
 ('driveForward', 100, 150),
 ('turnRight', 100, 50),
 ('driveForward', 100, 150),
 ('driveForward', 100, 150),
 ('turnRight', 100, 50),
 ('turnRight', 100, 50),
 ('driveForward', 100, 150),
 ('driveForward', 100, 150),
 ('turnLeft', 100, 50),
 ('driveForward', 100, 150),
 ('turnRight', 100, 50),
 ('turnLeft', 100, 50),
 ('turnLeft', 100, 50),
 ('turnLeft', 100, 50)]

positions:
[(100, 159),
 (116.6179433164655, 187.40619756198882),
 (133.235886632931, 215.81239512397764),
 (149.8538299493965, 244.21859268596646),
 (166.471773265862, 272.6247902479553),
 (183.0897165823275, 301.0309878099441),
 (199.707659898793, 329.43718537193297),
 (199.707659898793, 329.43718537193297),
 (199.707659898793, 329.43718537193297),
 (220.34177278929548, 355.0750769627405),
 (240.97588567979795, 380.7129685535481),
 (261.60999857030043, 406.35086014435564),
 (282.2441114608029, 431.9887517351632),
 (302.8782243513054, 457.62664332597075),
 (323.51233724180787, 483.2645349167783),
 (323.51233724180787, 483.2645349167783),
 (323.51233724180787, 483.2645349167783),
 (347.70932387555746, 505.57090032771293),
 (371.90631050930705, 527.8772657386476),
 (371.90631050930705, 527.8772657386476),
 (397.6898509710149, 548.3290906268935),
 (423.47339143272274, 568.7809155151394),
 (423.47339143272274, 568.7809155151394),
 (423.47339143272274, 568.7809155151394),
 (423.47339143272274, 568.7809155151394),
 (453.13483491191477, 583.038084614603),
 (482.7962783911068, 597.2952537140666),
 (512.4577218702988, 611.5524228135301),
 (512.4577218702988, 611.5524228135301),
 (512.4577218702988, 611.5524228135301),
 (512.4577218702988, 611.5524228135301),
 (512.4577218702988, 611.5524228135301),
 (512.4577218702988, 611.5524228135301),
 (512.4577218702988, 611.5524228135301),
 (512.4577218702988, 611.5524228135301),
 (512.4577218702988, 611.5524228135301),
 (512.4577218702988, 611.5524228135301),
 (512.4577218702988, 611.5524228135301),
 (512.4577218702988, 611.5524228135301),
 (512.4577218702988, 611.5524228135301),
 (512.4577218702988, 611.5524228135301),
 (512.4577218702988, 611.5524228135301),
 (512.4577218702988, 611.5524228135301),
 (512.4577218702988, 611.5524228135301),
 (512.4577218702988, 611.5524228135301),
 (512.4577218702988, 611.5524228135301),
 (512.4577218702988, 611.5524228135301),
 (512.4577218702988, 611.5524228135301),
 (512.4577218702988, 611.5524228135301),
 (512.4577218702988, 611.5524228135301),
 (512.4577218702988, 611.5524228135301),
 (512.4577218702988, 611.5524228135301),
 (512.4577218702988, 611.5524228135301),
 (512.4577218702988, 611.5524228135301),
 (512.4577218702988, 611.5524228135301),
 (512.4577218702988, 611.5524228135301),
 (512.4577218702988, 611.5524228135301),
 (512.4577218702988, 611.5524228135301),
 (512.4577218702988, 611.5524228135301),
 (512.4577218702988, 611.5524228135301),
 (512.4577218702988, 611.5524228135301),
 (512.4577218702988, 611.5524228135301),
 (512.4577218702988, 611.5524228135301),
 (512.4577218702988, 611.5524228135301),
 (512.4577218702988, 611.5524228135301),
 (512.4577218702988, 611.5524228135301),
 (512.4577218702988, 611.5524228135301),
 (512.4577218702988, 611.5524228135301),
 (512.4577218702988, 611.5524228135301),
 (512.4577218702988, 611.5524228135301),
 (512.4577218702988, 611.5524228135301),
 (512.4577218702988, 611.5524228135301),
 (512.4577218702988, 611.5524228135301),
 (512.4577218702988, 611.5524228135301),
 (512.4577218702988, 611.5524228135301),
 (512.4577218702988, 611.5524228135301),
 (512.4577218702988, 611.5524228135301),
 (512.4577218702988, 611.5524228135301),
 (512.4577218702988, 611.5524228135301),
 (512.4577218702988, 611.5524228135301),
 (512.4577218702988, 611.5524228135301),
 (512.4577218702988, 611.5524228135301),
 (512.4577218702988, 611.5524228135301),
 (512.4577218702988, 611.5524228135301),
 (512.4577218702988, 611.5524228135301),
 (512.4577218702988, 611.5524228135301),
 (544.9914941723093, 616.5144546353679),
 (544.9914941723093, 616.5144546353679),
 (577.8035333090918, 619.0518130425022),
 (610.6155724458742, 621.5891714496365),
 (610.6155724458742, 621.5891714496365),
 (643.5254243491595, 621.6879019101557),
 (643.5254243491595, 621.6879019101557),
 (676.3520970166727, 619.3474614430767),
 (709.1787696841859, 617.0070209759976),
 (742.0054423516991, 614.6665805089186),
 (742.0054423516991, 614.6665805089186),
 (742.0054423516991, 614.6665805089186),
 (774.1256032340359, 607.4997566033937),
 (806.2457641163727, 600.3329326978688),
 (806.2457641163727, 600.3329326978688),
 (806.2457641163727, 600.3329326978688),
 (836.9537887415954, 588.4971680999768),
 (867.6618133668181, 576.6614035020847),
 (898.3698379920409, 564.8256389041926),
 (929.0778626172636, 552.9898743063005),
 (959.7858872424863, 541.1541097084084),
 (959.7858872424863, 541.1541097084084),
 (989.5323398393713, 527.0751659305082),
 (1019.2787924362563, 512.996222152608),
 (1049.0252450331411, 498.91727837470773),
 (1078.771697630026, 484.8383345968075),
 (1108.5181502269108, 470.75939081890726),
 (1138.2646028237957, 456.680447041007),
 (1138.2646028237957, 456.680447041007),
 (1168.9726274490183, 444.84468244311495),
 (1199.680652074241, 433.00891784522287),
 (1199.680652074241, 433.00891784522287),
 (1199.680652074241, 433.00891784522287),
 (1231.8008129565776, 425.842093939698),
 (1231.8008129565776, 425.842093939698),
 (1264.363771841048, 421.0753541011611),
 (1264.363771841048, 421.0753541011611),
 (1297.190444508561, 418.7349136340821),
 (1297.190444508561, 418.7349136340821),
 (1297.190444508561, 418.7349136340821),
 (1330.0024836453435, 421.2722720412164),
 (1330.0024836453435, 421.2722720412164),
 (1330.0024836453435, 421.2722720412164),
 (1362.07906540889, 428.6316879396765),
 (1362.07906540889, 428.6316879396765),
 (1362.07906540889, 428.6316879396765),
 (1392.715522685254, 440.6514876698521),
 (1392.715522685254, 440.6514876698521),
 (1392.715522685254, 440.6514876698521),
 (1421.2388254087743, 457.06761698654583),
 (1421.2388254087743, 457.06761698654583),
 (1421.2388254087743, 457.06761698654583),
 (1421.2388254087743, 457.06761698654583),
 (1421.2388254087743, 457.06761698654583),
 (1421.2388254087743, 457.06761698654583),
 (1421.2388254087743, 457.06761698654583),
 (1421.2388254087743, 457.06761698654583),
 (1421.2388254087743, 457.06761698654583),
 (1421.2388254087743, 457.06761698654583),
 (1421.2388254087743, 457.06761698654583),
 (1447.0223658704822, 477.51944187479177),
 (1447.0223658704822, 477.51944187479177),
 (1447.0223658704822, 477.51944187479177),
 (1469.4997242074876, 501.55767105644856),
 (1469.4997242074876, 501.55767105644856),
 (1490.13383709799, 527.1955626472561),
 (1490.13383709799, 527.1955626472561),
 (1490.13383709799, 527.1955626472561),
 (1506.7517804144554, 555.601760209245),
 (1506.7517804144554, 555.601760209245),
 (1521.218887049262, 585.1613766752469),
 (1521.218887049262, 585.1613766752469),
 (1533.4555932716266, 615.7118450976384),
 (1545.6922994939912, 646.2623135200299),
 (1545.6922994939912, 646.2623135200299),
 (1555.6313079497065, 677.6356176322399),
 (1565.5703164054219, 709.0089217444499),
 (1565.5703164054219, 709.0089217444499),
 (1565.5703164054219, 709.0089217444499),
 (1570.7628838281967, 741.5066961845548),
 (1575.9554512509715, 774.0044706246597),
 (1575.9554512509715, 774.0044706246597),
 (1583.542101072942, 806.028068868436),
 (1583.542101072942, 806.028068868436),
 (1583.542101072942, 806.028068868436),
 (1583.542101072942, 806.028068868436),
 (1583.542101072942, 806.028068868436)]

orientations:
[59.67188839813127,
 59.67188839813127,
 59.67188839813127,
 59.67188839813127,
 59.67188839813127,
 59.67188839813127,
 59.67188839813127,
 55.42188839813127,
 51.17188839813127,
 51.17188839813127,
 51.17188839813127,
 51.17188839813127,
 51.17188839813127,
 51.17188839813127,
 51.17188839813127,
 46.92188839813127,
 42.67188839813127,
 42.67188839813127,
 42.67188839813127,
 38.42188839813127,
 38.42188839813127,
 38.42188839813127,
 34.17188839813127,
 29.921888398131273,
 25.671888398131273,
 25.671888398131273,
 25.671888398131273,
 25.671888398131273,
 21.421888398131273,
 17.171888398131273,
 12.921888398131273,
 17.171888398131273,
 12.921888398131273,
 17.171888398131273,
 12.921888398131273,
 17.171888398131273,
 12.921888398131273,
 8.671888398131273,
 12.921888398131273,
 17.171888398131273,
 12.921888398131273,
 8.671888398131273,
 12.921888398131273,
 8.671888398131273,
 12.921888398131273,
 8.671888398131273,
 12.921888398131273,
 8.671888398131273,
 12.921888398131273,
 8.671888398131273,
 12.921888398131273,
 8.671888398131273,
 12.921888398131273,
 8.671888398131273,
 12.921888398131273,
 8.671888398131273,
 12.921888398131273,
 8.671888398131273,
 12.921888398131273,
 8.671888398131273,
 12.921888398131273,
 8.671888398131273,
 12.921888398131273,
 8.671888398131273,
 12.921888398131273,
 8.671888398131273,
 12.921888398131273,
 8.671888398131273,
 12.921888398131273,
 8.671888398131273,
 12.921888398131273,
 8.671888398131273,
 12.921888398131273,
 8.671888398131273,
 12.921888398131273,
 8.671888398131273,
 12.921888398131273,
 8.671888398131273,
 12.921888398131273,
 8.671888398131273,
 12.921888398131273,
 8.671888398131273,
 12.921888398131273,
 8.671888398131273,
 12.921888398131273,
 8.671888398131273,
 8.671888398131273,
 4.421888398131272,
 4.421888398131272,
 4.421888398131272,
 0.1718883981312711,
 0.1718883981312711,
 -4.07811160186873,
 -4.07811160186873,
 -4.07811160186873,
 -4.07811160186873,
 -8.32811160186873,
 -12.57811160186873,
 -12.57811160186873,
 -12.57811160186873,
 -16.82811160186873,
 -21.07811160186873,
 -21.07811160186873,
 -21.07811160186873,
 -21.07811160186873,
 -21.07811160186873,
 -21.07811160186873,
 -25.32811160186873,
 -25.32811160186873,
 -25.32811160186873,
 -25.32811160186873,
 -25.32811160186873,
 -25.32811160186873,
 -25.32811160186873,
 -21.07811160186873,
 -21.07811160186873,
 -21.07811160186873,
 -16.82811160186873,
 -12.57811160186873,
 -12.57811160186873,
 -8.32811160186873,
 -8.32811160186873,
 -4.07811160186873,
 -4.07811160186873,
 0.1718883981312711,
 4.421888398131272,
 4.421888398131272,
 8.671888398131273,
 12.921888398131273,
 12.921888398131273,
 17.171888398131273,
 21.421888398131273,
 21.421888398131273,
 25.671888398131273,
 29.921888398131273,
 29.921888398131273,
 34.17188839813127,
 38.42188839813127,
 34.17188839813127,
 38.42188839813127,
 34.17188839813127,
 38.42188839813127,
 34.17188839813127,
 38.42188839813127,
 34.17188839813127,
 38.42188839813127,
 38.42188839813127,
 42.67188839813127,
 46.92188839813127,
 46.92188839813127,
 51.17188839813127,
 51.17188839813127,
 55.42188839813127,
 59.67188839813127,
 59.67188839813127,
 63.92188839813127,
 63.92188839813127,
 68.17188839813127,
 68.17188839813127,
 68.17188839813127,
 72.42188839813127,
 72.42188839813127,
 72.42188839813127,
 76.67188839813127,
 80.92188839813127,
 80.92188839813127,
 80.92188839813127,
 76.67188839813127,
 76.67188839813127,
 80.92188839813127,
 76.67188839813127,
 72.42188839813127,
 68.17188839813127]