actions:
[('init', None, 100),
 ('turnRight', 100, 50),
 ('turnRight', 100, 50),
 ('driveForward', 100, 150),
 ('driveForward', 100, 150),
 ('turnRight', 100, 50),
 ('driveForward', 100, 150),
 ('turnLeft', 100, 50),
 ('turnRight', 100, 50),
 ('driveForward', 100, 150),
 ('turnLeft', 100, 50),
 ('turnLeft', 100, 50),
 ('turnLeft', 100, 50),
 ('turnLeft', 100, 50),
 ('turnRight', 100, 50),
 ('turnRight', 100, 50),
 ('turnLeft', 100, 50),
 ('turnLeft', 100, 50),
 ('turnLeft', 100, 50),
 ('turnRight', 100, 50),
 ('turnRight', 100, 50),
 ('turnLeft', 100, 50),
 ('turnLeft', 100, 50),
 ('turnRight', 100, 50),
 ('turnLeft', 100, 50),
 ('turnLeft', 100, 50),
 ('driveForward', 100, 150),
 ('turnRight', 100, 50),
 ('driveForward', 100, 150),
 ('turnLeft', 100, 50),
 ('turnLeft', 100, 50),
 ('turnLeft', 100, 50),
 ('turnLeft', 100, 50),
 ('turnRight', 100, 50),
 ('driveForward', 100, 150),
 ('turnLeft', 100, 50),
 ('turnLeft', 100, 50),
 ('driveForward', 100, 150),
 ('turnLeft', 100, 50),
 ('turnLeft', 100, 50),
 ('turnLeft', 100, 50),
 ('turnLeft', 100, 50),
 ('turnRight', 100, 50),
 ('turnLeft', 100, 50),
 ('driveForward', 100, 150),
 ('turnLeft', 100, 50),
 ('turnLeft', 100, 50),
 ('turnLeft', 100, 50),
 ('turnLeft', 100, 50),
 ('turnLeft', 100, 50),
 ('turnLeft', 100, 50),
 ('turnLeft', 100, 50),
 ('turnLeft', 100, 50),
 ('turnLeft', 100, 50),
 ('turnLeft', 100, 50),
 ('turnLeft', 100, 50),
 ('turnLeft', 100, 50),
 ('turnLeft', 100, 50),
 ('turnLeft', 100, 50),
 ('turnLeft', 100, 50),
 ('turnLeft', 100, 50),
 ('turnLeft', 100, 50),
 ('turnLeft', 100, 50),
 ('turnLeft', 100, 50),
 ('turnRight', 100, 50),
 ('turnLeft', 100, 50),
 ('turnLeft', 100, 50),
 ('turnLeft', 100, 50),
 ('turnLeft', 100, 50),
 ('turnLeft', 100, 50),
 ('turnLeft', 100, 50),
 ('turnLeft', 100, 50),
 ('turnLeft', 100, 50),
 ('turnLeft', 100, 50),
 ('turnLeft', 100, 50),
 ('driveForward', 100, 150),
 ('turnLeft', 100, 50),
 ('turnLeft', 100, 50),
 ('turnLeft', 100, 50),
 ('turnLeft', 100, 50),
 ('turnLeft', 100, 50),
 ('turnLeft', 100, 50),
 ('turnLeft', 100, 50),
 ('turnLeft', 100, 50),
 ('turnLeft', 100, 50),
 ('turnLeft', 100, 50),
 ('turnLeft', 100, 50),
 ('turnRight', 100, 50),
 ('turnLeft', 100, 50),
 ('turnRight', 100, 50),
 ('turnLeft', 100, 50),
 ('turnRight', 100, 50),
 ('turnLeft', 100, 50),
 ('turnRight', 100, 50),
 ('turnLeft', 100, 50),
 ('turnRight', 100, 50),
 ('turnLeft', 100, 50),
 ('turnRight', 100, 50),
 ('turnLeft', 100, 50),
 ('turnRight', 100, 50),
 ('turnLeft', 100, 50),
 ('driveForward', 100, 150),
 ('turnLeft', 100, 50),
 ('turnRight', 100, 50),
 ('turnRight', 100, 50),
 ('turnLeft', 100, 50),
 ('turnRight', 100, 50),
 ('turnLeft', 100, 50),
 ('turnRight', 100, 50),
 ('turnLeft', 100, 50),
 ('turnRight', 100, 50),
 ('turnLeft', 100, 50),
 ('turnRight', 100, 50),
 ('turnRight', 100, 50),
 ('turnRight', 100, 50),
 ('turnLeft', 100, 50),
 ('turnLeft', 100, 50),
 ('turnLeft', 100, 50),
 ('turnRight', 100, 50),
 ('turnLeft', 100, 50),
 ('turnRight', 100, 50),
 ('turnLeft', 100, 50),
 ('turnRight', 100, 50),
 ('turnLeft', 100, 50),
 ('turnRight', 100, 50),
 ('turnLeft', 100, 50),
 ('turnRight', 100, 50),
 ('turnRight', 100, 50),
 ('turnRight', 100, 50),
 ('driveForward', 100, 150),
 ('turnRight', 100, 50),
 ('turnRight', 100, 50),
 ('driveForward', 100, 150),
 ('driveForward', 100, 150),
 ('turnLeft', 100, 50),
 ('turnRight', 100, 50),
 ('driveForward', 100, 150)]

positions:
[(100, 488),
 (100, 488),
 (100, 488),
 (132.59919531731663, 492.5122682393051),
 (165.19839063463326, 497.02453647861023),
 (165.19839063463326, 497.02453647861023),
 (197.37354681234999, 503.94027396202705),
 (197.37354681234999, 503.94027396202705),
 (197.37354681234999, 503.94027396202705),
 (229.54870299006672, 510.85601144544387),
 (229.54870299006672, 510.85601144544387),
 (229.54870299006672, 510.85601144544387),
 (229.54870299006672, 510.85601144544387),
 (229.54870299006672, 510.85601144544387),
 (229.54870299006672, 510.85601144544387),
 (229.54870299006672, 510.85601144544387),
 (229.54870299006672, 510.85601144544387),
 (229.54870299006672, 510.85601144544387),
 (229.54870299006672, 510.85601144544387),
 (229.54870299006672, 510.85601144544387),
 (229.54870299006672, 510.85601144544387),
 (229.54870299006672, 510.85601144544387),
 (229.54870299006672, 510.85601144544387),
 (229.54870299006672, 510.85601144544387),
 (229.54870299006672, 510.85601144544387),
 (229.54870299006672, 510.85601144544387),
 (261.56682720695636, 503.2462925523556),
 (261.56682720695636, 503.2462925523556),
 (294.0608522867661, 498.0303138222707),
 (294.0608522867661, 498.0303138222707),
 (294.0608522867661, 498.0303138222707),
 (294.0608522867661, 498.0303138222707),
 (294.0608522867661, 498.0303138222707),
 (294.0608522867661, 498.0303138222707),
 (324.60249698391306, 485.7716010353084),
 (324.60249698391306, 485.7716010353084),
 (324.60249698391306, 485.7716010353084),
 (352.9967149643068, 469.13319710698994),
 (352.9967149643068, 469.13319710698994),
 (352.9967149643068, 469.13319710698994),
 (352.9967149643068, 469.13319710698994),
 (352.9967149643068, 469.13319710698994),
 (352.9967149643068, 469.13319710698994),
 (352.9967149643068, 469.13319710698994),
 (375.2856421404206, 444.92014638350827),
 (375.2856421404206, 444.92014638350827),
 (375.2856421404206, 444.92014638350827),
 (375.2856421404206, 444.92014638350827),
 (375.2856421404206, 444.92014638350827),
 (375.2856421404206, 444.92014638350827),
 (375.2856421404206, 444.92014638350827),
 (375.2856421404206, 444.92014638350827),
 (375.2856421404206, 444.92014638350827),
 (375.2856421404206, 444.92014638350827),
 (375.2856421404206, 444.92014638350827),
 (375.2856421404206, 444.92014638350827),
 (375.2856421404206, 444.92014638350827),
 (375.2856421404206, 444.92014638350827),
 (375.2856421404206, 444.92014638350827),
 (375.2856421404206, 444.92014638350827),
 (375.2856421404206, 444.92014638350827),
 (375.2856421404206, 444.92014638350827),
 (375.2856421404206, 444.92014638350827),
 (375.2856421404206, 444.92014638350827),
 (375.2856421404206, 444.92014638350827),
 (375.2856421404206, 444.92014638350827),
 (375.2856421404206, 444.92014638350827),
 (375.2856421404206, 444.92014638350827),
 (375.2856421404206, 444.92014638350827),
 (375.2856421404206, 444.92014638350827),
 (375.2856421404206, 444.92014638350827),
 (375.2856421404206, 444.92014638350827),
 (375.2856421404206, 444.92014638350827),
 (375.2856421404206, 444.92014638350827),
 (375.2856421404206, 444.92014638350827),
 (343.3025444877477, 437.16453135054076),
 (343.3025444877477, 437.16453135054076),
 (343.3025444877477, 437.16453135054076),
 (343.3025444877477, 437.16453135054076),
 (343.3025444877477, 437.16453135054076),
 (343.3025444877477, 437.16453135054076),
 (343.3025444877477, 437.16453135054076),
 (343.3025444877477, 437.16453135054076),
 (343.3025444877477, 437.16453135054076),
 (343.3025444877477, 437.16453135054076),
 (343.3025444877477, 437.16453135054076),
 (343.3025444877477, 437.16453135054076),
 (343.3025444877477, 437.16453135054076),
 (343.3025444877477, 437.16453135054076),
 (343.3025444877477, 437.16453135054076),
 (343.3025444877477, 437.16453135054076),
 (343.3025444877477, 437.16453135054076),
 (343.3025444877477, 437.16453135054076),
 (343.3025444877477, 437.16453135054076),
 (343.3025444877477, 437.16453135054076),
 (343.3025444877477, 437.16453135054076),
 (343.3025444877477, 437.16453135054076),
 (343.3025444877477, 437.16453135054076),
 (343.3025444877477, 437.16453135054076),
 (343.3025444877477, 437.16453135054076),
 (343.3025444877477, 437.16453135054076),
 (315.7393051545923, 455.1460757075529),
 (315.7393051545923, 455.1460757075529),
 (315.7393051545923, 455.1460757075529),
 (315.7393051545923, 455.1460757075529),
 (315.7393051545923, 455.1460757075529),
 (315.7393051545923, 455.1460757075529),
 (315.7393051545923, 455.1460757075529),
 (315.7393051545923, 455.1460757075529),
 (315.7393051545923, 455.1460757075529),
 (315.7393051545923, 455.1460757075529),
 (315.7393051545923, 455.1460757075529),
 (315.7393051545923, 455.1460757075529),
 (315.7393051545923, 455.1460757075529),
 (315.7393051545923, 455.1460757075529),
 (315.7393051545923, 455.1460757075529),
 (315.7393051545923, 455.1460757075529),
 (315.7393051545923, 455.1460757075529),
 (315.7393051545923, 455.1460757075529),
 (315.7393051545923, 455.1460757075529),
 (315.7393051545923, 455.1460757075529),
 (315.7393051545923, 455.1460757075529),
 (315.7393051545923, 455.1460757075529),
 (315.7393051545923, 455.1460757075529),
 (315.7393051545923, 455.1460757075529),
 (315.7393051545923, 455.1460757075529),
 (315.7393051545923, 455.1460757075529),
 (315.7393051545923, 455.1460757075529),
 (315.7393051545923, 455.1460757075529),
 (284.887230625343, 466.6011006853367),
 (284.887230625343, 466.6011006853367),
 (284.887230625343, 466.6011006853367),
 (252.6808790018502, 473.3700751352767),
 (220.47452737835738, 480.1390495852167),
 (220.47452737835738, 480.1390495852167),
 (220.47452737835738, 480.1390495852167),
 (188.26817575486456, 486.9080240351567)]

orientations:
[-0.6193897032181166,
 3.6306102967818843,
 7.880610296781885,
 7.880610296781885,
 7.880610296781885,
 12.130610296781885,
 12.130610296781885,
 7.880610296781884,
 12.130610296781885,
 12.130610296781885,
 7.880610296781884,
 3.6306102967818834,
 -0.6193897032181175,
 -4.869389703218118,
 -0.6193897032181175,
 3.6306102967818834,
 -0.6193897032181175,
 -4.869389703218118,
 -9.119389703218118,
 -4.8693897032181175,
 -0.6193897032181166,
 -4.8693897032181175,
 -9.119389703218118,
 -4.8693897032181175,
 -9.119389703218118,
 -13.369389703218118,
 -13.369389703218118,
 -9.119389703218118,
 -9.119389703218118,
 -13.369389703218118,
 -17.61938970321812,
 -21.86938970321812,
 -26.11938970321812,
 -21.86938970321812,
 -21.86938970321812,
 -26.11938970321812,
 -30.36938970321812,
 -30.36938970321812,
 -34.61938970321812,
 -38.86938970321812,
 -43.11938970321812,
 -47.36938970321812,
 -43.11938970321812,
 -47.36938970321812,
 -47.36938970321812,
 -51.61938970321812,
 -55.86938970321812,
 -60.11938970321812,
 -64.36938970321812,
 -68.61938970321812,
 -72.86938970321812,
 -77.11938970321812,
 -81.36938970321812,
 -85.61938970321812,
 -89.86938970321812,
 -94.11938970321812,
 -98.36938970321812,
 -102.61938970321812,
 -106.86938970321812,
 -111.11938970321812,
 -115.36938970321812,
 -119.61938970321812,
 -123.86938970321812,
 -128.11938970321813,
 -123.86938970321813,
 -128.11938970321813,
 -132.36938970321813,
 -136.61938970321813,
 -140.86938970321813,
 -145.11938970321813,
 -149.36938970321813,
 -153.61938970321813,
 -157.86938970321813,
 -162.11938970321813,
 -166.36938970321813,
 -166.36938970321813,
 -170.61938970321813,
 -174.86938970321813,
 -179.11938970321813,
 -183.36938970321813,
 -187.61938970321813,
 -191.86938970321813,
 -196.11938970321813,
 -200.36938970321813,
 -204.61938970321813,
 -208.86938970321813,
 -213.11938970321813,
 -208.86938970321813,
 -213.11938970321813,
 -208.86938970321813,
 -213.11938970321813,
 -208.86938970321813,
 -213.11938970321813,
 -208.86938970321813,
 -213.11938970321813,
 -208.86938970321813,
 -213.11938970321813,
 -208.86938970321813,
 -213.11938970321813,
 -208.86938970321813,
 -213.11938970321813,
 -213.11938970321813,
 -217.36938970321813,
 -213.11938970321813,
 -208.86938970321813,
 -213.11938970321813,
 -208.86938970321813,
 -213.11938970321813,
 -208.86938970321813,
 -213.11938970321813,
 -208.86938970321813,
 -213.11938970321813,
 -208.86938970321813,
 -204.61938970321813,
 -200.36938970321813,
 -204.61938970321813,
 -208.86938970321813,
 -213.11938970321813,
 -208.86938970321813,
 -213.11938970321813,
 -208.86938970321813,
 -213.11938970321813,
 -208.86938970321813,
 -213.11938970321813,
 -208.86938970321813,
 -213.11938970321813,
 -208.86938970321813,
 -204.61938970321813,
 -200.36938970321813,
 -200.36938970321813,
 -196.11938970321813,
 -191.86938970321813,
 -191.86938970321813,
 -191.86938970321813,
 -196.11938970321813,
 -191.86938970321813,
 -191.86938970321813]