actions:
[('init', None, 100),
 ('turnLeft', 100, 50),
 ('turnLeft', 100, 50),
 ('turnLeft', 100, 50),
 ('turnLeft', 100, 50),
 ('turnLeft', 100, 50),
 ('turnRight', 100, 50),
 ('turnRight', 100, 50),
 ('turnRight', 100, 50),
 ('turnRight', 100, 50),
 ('turnRight', 100, 50),
 ('turnRight', 100, 50),
 ('turnRight', 100, 50),
 ('turnRight', 100, 50),
 ('turnRight', 100, 50),
 ('turnRight', 100, 50),
 ('turnLeft', 100, 200),
 ('turnLeft', 100, 50),
 ('turnRight', 100, 50),
 ('turnRight', 100, 50),
 ('driveForward', 100, 150),
 ('driveForward', 100, 150),
 ('turnRight', 100, 50),
 ('driveForward', 100, 150),
 ('driveForward', 100, 150),
 ('driveForward', 100, 150),
 ('driveForward', 100, 150),
 ('driveForward', 100, 150),
 ('driveForward', 100, 150),
 ('turnRight', 100, 50),
 ('driveForward', 100, 150),
 ('driveForward', 100, 150),
 ('driveForward', 100, 150),
 ('driveForward', 100, 150),
 ('driveForward', 100, 150),
 ('turnRight', 100, 50),
 ('driveForward', 100, 150),
 ('driveForward', 100, 150),
 ('driveForward', 100, 150),
 ('driveForward', 100, 150),
 ('driveForward', 100, 150),
 ('turnRight', 100, 50),
 ('driveForward', 100, 150),
 ('driveForward', 100, 150),
 ('driveForward', 100, 150),
 ('driveForward', 100, 150),
 ('driveForward', 100, 150),
 ('driveForward', 100, 150),
 ('driveForward', 100, 150),
 ('driveForward', 100, 150),
 ('driveForward', 100, 150),
 ('driveForward', 100, 150),
 ('driveForward', 100, 150),
 ('driveForward', 100, 150),
 ('driveForward', 100, 150),
 ('driveForward', 100, 150),
 ('driveForward', 100, 150),
 ('driveForward', 100, 150),
 ('driveForward', 100, 150),
 ('turnLeft', 100, 50),
 ('driveForward', 100, 150),
 ('driveForward', 100, 150),
 ('turnLeft', 100, 50),
 ('driveForward', 100, 150),
 ('turnLeft', 100, 50),
 ('driveForward', 100, 150),
 ('turnLeft', 100, 50),
 ('driveForward', 100, 150),
 ('turnLeft', 100, 50),
 ('turnLeft', 100, 50),
 ('driveForward', 100, 150),
 ('turnLeft', 100, 50),
 ('driveForward', 100, 150),
 ('turnLeft', 100, 50),
 ('turnLeft', 100, 50),
 ('driveForward', 100, 150),
 ('turnLeft', 100, 50),
 ('driveForward', 100, 150),
 ('turnLeft', 100, 50),
 ('turnLeft', 100, 50),
 ('driveForward', 100, 150),
 ('turnLeft', 100, 50),
 ('driveForward', 100, 150),
 ('turnLeft', 100, 50),
 ('turnLeft', 100, 50),
 ('driveForward', 100, 150),
 ('turnLeft', 100, 50),
 ('driveForward', 100, 150),
 ('turnLeft', 100, 50),
 ('turnLeft', 100, 50),
 ('turnLeft', 100, 50),
 ('turnLeft', 100, 50),
 ('turnLeft', 100, 50),
 ('turnLeft', 100, 50),
 ('turnRight', 100, 50),
 ('turnRight', 100, 50),
 ('turnRight', 100, 50),
 ('turnRight', 100, 50),
 ('turnRight', 100, 50),
 ('turnRight', 100, 50),
 ('turnRight', 100, 50)]

positions:
[(100, 956),
 (100, 956),
 (100, 956),
 (100, 956),
 (100, 956),
 (100, 956),
 (100, 956),
 (100, 956),
 (100, 956),
 (100, 956),
 (100, 956),
 (100, 956),
 (100, 956),
 (100, 956),
 (100, 956),
 (100, 956),
 (100, 956),
 (100, 956),
 (100, 956),
 (100, 956),
 (131.32348575735347, 945.9050834570625),
 (162.64697151470693, 935.8101669141249),
 (162.64697151470693, 935.8101669141249),
 (194.63244250783444, 928.0643457602512),
 (226.61791350096195, 920.3185246063774),
 (258.6033844940895, 912.5727034525037),
 (290.58885548721696, 904.8268822986299),
 (322.57432648034444, 897.0810611447562),
 (354.5597974734719, 889.3352399908824),
 (354.5597974734719, 889.3352399908824),
 (387.0313454528997, 883.9811133749237),
 (419.5028934323275, 878.6269867589649),
 (451.97444141175527, 873.2728601430061),
 (484.44598939118305, 867.9187335270474),
 (516.9175373706108, 862.5646069110886),
 (516.9175373706108, 862.5646069110886),
 (549.6965808433857, 859.6316205473406),
 (582.4756243161606, 856.6986341835926),
 (615.2546677889355, 853.7656478198446),
 (648.0337112617104, 850.8326614560966),
 (680.8127547344853, 847.8996750923486),
 (680.8127547344853, 847.8996750923486),
 (713.7190210962752, 847.4039593200233),
 (746.6252874580651, 846.908243547698),
 (779.531553819855, 846.4125277753727),
 (812.437820181645, 845.9168120030474),
 (845.3440865434349, 845.4210962307221),
 (878.2503529052248, 844.9253804583968),
 (911.1566192670147, 844.4296646860715),
 (944.0628856288046, 843.9339489137462),
 (976.9691519905945, 843.4382331414209),
 (1009.8754183523844, 842.9425173690956),
 (1042.7816847141744, 842.4468015967703),
 (1075.6879510759643, 841.951085824445),
 (1108.5942174377542, 841.4553700521197),
 (1141.500483799544, 840.9596542797944),
 (1174.406750161334, 840.4639385074692),
 (1207.313016523124, 839.9682227351439),
 (1240.2192828849138, 839.4725069628186),
 (1240.2192828849138, 839.4725069628186),
 (1272.9983263576887, 836.5395205990706),
 (1305.7773698304636, 833.6065342353226),
 (1305.7773698304636, 833.6065342353226),
 (1338.2489178098915, 828.2524076193638),
 (1338.2489178098915, 828.2524076193638),
 (1370.234388803019, 820.50658646549),
 (1370.234388803019, 820.50658646549),
 (1401.5578745603725, 810.4116699225525),
 (1401.5578745603725, 810.4116699225525),
 (1401.5578745603725, 810.4116699225525),
 (1431.045175200572, 795.7977313379515),
 (1431.045175200572, 795.7977313379515),
 (1459.368374297782, 779.0387190490426),
 (1459.368374297782, 779.0387190490426),
 (1459.368374297782, 779.0387190490426),
 (1484.9033277685432, 758.277354661169),
 (1484.9033277685432, 758.277354661169),
 (1508.8294714745846, 735.6807233335164),
 (1508.8294714745846, 735.6807233335164),
 (1508.8294714745846, 735.6807233335164),
 (1529.1528123788833, 709.7957872801346),
 (1529.1528123788833, 709.7957872801346),
 (1547.5019743278144, 682.4758978994673),
 (1547.5019743278144, 682.4758978994673),
 (1547.5019743278144, 682.4758978994673),
 (1561.6114498132217, 652.7439150943012),
 (1561.6114498132217, 652.7439150943012),
 (1573.4787344964943, 622.0480578128021),
 (1573.4787344964943, 622.0480578128021),
 (1573.4787344964943, 622.0480578128021),
 (1573.4787344964943, 622.0480578128021),
 (1573.4787344964943, 622.0480578128021),
 (1573.4787344964943, 622.0480578128021),
 (1573.4787344964943, 622.0480578128021),
 (1573.4787344964943, 622.0480578128021),
 (1573.4787344964943, 622.0480578128021),
 (1573.4787344964943, 622.0480578128021),
 (1573.4787344964943, 622.0480578128021),
 (1573.4787344964943, 622.0480578128021),
 (1573.4787344964943, 622.0480578128021),
 (1573.4787344964943, 622.0480578128021)]

orientations:
[-18.113065807523288,
 -22.363065807523288,
 -26.613065807523288,
 -30.863065807523288,
 -35.11306580752329,
 -39.36306580752329,
 -35.11306580752329,
 -30.86306580752329,
 -26.61306580752329,
 -22.36306580752329,
 -18.11306580752329,
 -13.863065807523292,
 -9.613065807523292,
 -5.363065807523291,
 -1.1130658075232898,
 3.136934192476711,
 -22.11306580752329,
 -26.36306580752329,
 -22.11306580752329,
 -17.86306580752329,
 -17.86306580752329,
 -17.86306580752329,
 -13.613065807523292,
 -13.613065807523292,
 -13.613065807523292,
 -13.613065807523292,
 -13.613065807523292,
 -13.613065807523292,
 -13.613065807523292,
 -9.363065807523292,
 -9.363065807523292,
 -9.363065807523292,
 -9.363065807523292,
 -9.363065807523292,
 -9.363065807523292,
 -5.113065807523291,
 -5.113065807523291,
 -5.113065807523291,
 -5.113065807523291,
 -5.113065807523291,
 -5.113065807523291,
 -0.8630658075232898,
 -0.8630658075232898,
 -0.8630658075232898,
 -0.8630658075232898,
 -0.8630658075232898,
 -0.8630658075232898,
 -0.8630658075232898,
 -0.8630658075232898,
 -0.8630658075232898,
 -0.8630658075232898,
 -0.8630658075232898,
 -0.8630658075232898,
 -0.8630658075232898,
 -0.8630658075232898,
 -0.8630658075232898,
 -0.8630658075232898,
 -0.8630658075232898,
 -0.8630658075232898,
 -5.113065807523291,
 -5.113065807523291,
 -5.113065807523291,
 -9.363065807523292,
 -9.363065807523292,
 -13.613065807523292,
 -13.613065807523292,
 -17.86306580752329,
 -17.86306580752329,
 -22.11306580752329,
 -26.36306580752329,
 -26.36306580752329,
 -30.61306580752329,
 -30.61306580752329,
 -34.86306580752329,
 -39.11306580752329,
 -39.11306580752329,
 -43.36306580752329,
 -43.36306580752329,
 -47.61306580752329,
 -51.86306580752329,
 -51.86306580752329,
 -56.11306580752329,
 -56.11306580752329,
 -60.36306580752329,
 -64.6130658075233,
 -64.6130658075233,
 -68.8630658075233,
 -68.8630658075233,
 -73.1130658075233,
 -77.3630658075233,
 -81.6130658075233,
 -85.8630658075233,
 -90.1130658075233,
 -94.3630658075233,
 -90.1130658075233,
 -85.8630658075233,
 -81.6130658075233,
 -77.3630658075233,
 -73.1130658075233,
 -68.8630658075233,
 -64.6130658075233]