actions:
[('init', None, 100),
 ('turnLeft', 100, 50),
 ('turnLeft', 100, 50),
 ('turnLeft', 100, 50),
 ('turnLeft', 100, 50),
 ('turnLeft', 100, 50),
 ('turnRight', 100, 50),
 ('turnRight', 100, 50),
 ('turnRight', 100, 50),
 ('turnRight', 100, 50),
 ('turnRight', 100, 50),
 ('turnRight', 100, 50),
 ('turnRight', 100, 50),
 ('turnRight', 100, 50),
 ('turnRight', 100, 50),
 ('turnRight', 100, 50),
 ('turnLeft', 100, 200),
 ('turnLeft', 100, 50),
 ('turnRight', 100, 50),
 ('turnRight', 100, 50),
 ('driveForward', 100, 150),
 ('driveForward', 100, 150),
 ('driveForward', 100, 150),
 ('driveForward', 100, 150),
 ('driveForward', 100, 150),
 ('driveForward', 100, 150),
 ('driveForward', 100, 150),
 ('driveForward', 100, 150),
 ('driveForward', 100, 150),
 ('driveForward', 100, 150),
 ('driveForward', 100, 150),
 ('turnRight', 100, 50),
 ('driveForward', 100, 150),
 ('driveForward', 100, 150),
 ('driveForward', 100, 150),
 ('driveForward', 100, 150),
 ('driveForward', 100, 150),
 ('driveForward', 100, 150),
 ('driveForward', 100, 150),
 ('driveForward', 100, 150),
 ('driveForward', 100, 150),
 ('driveForward', 100, 150),
 ('driveForward', 100, 150),
 ('driveForward', 100, 150),
 ('driveForward', 100, 150),
 ('driveForward', 100, 150),
 ('driveForward', 100, 150),
 ('driveForward', 100, 150),
 ('driveForward', 100, 150),
 ('driveForward', 100, 150),
 ('turnRight', 100, 50),
 ('driveForward', 100, 150),
 ('driveForward', 100, 150),
 ('driveForward', 100, 150),
 ('driveForward', 100, 150),
 ('driveForward', 100, 150),
 ('driveForward', 100, 150),
 ('driveForward', 100, 150),
 ('turnRight', 100, 50),
 ('driveForward', 100, 150),
 ('driveForward', 100, 150),
 ('driveForward', 100, 150),
 ('driveForward', 100, 150),
 ('driveForward', 100, 150),
 ('turnRight', 100, 50),
 ('driveForward', 100, 150),
 ('driveForward', 100, 150),
 ('driveForward', 100, 150),
 ('driveForward', 100, 150),
 ('driveForward', 100, 150),
 ('driveForward', 100, 150),
 ('driveForward', 100, 150),
 ('driveForward', 100, 150),
 ('driveForward', 100, 150),
 ('driveForward', 100, 150),
 ('driveForward', 100, 150)]

positions:
[(100, 367),
 (100, 367),
 (100, 367),
 (100, 367),
 (100, 367),
 (100, 367),
 (100, 367),
 (100, 367),
 (100, 367),
 (100, 367),
 (100, 367),
 (100, 367),
 (100, 367),
 (100, 367),
 (100, 367),
 (100, 367),
 (100, 367),
 (100, 367),
 (100, 367),
 (100, 367),
 (130.06650965370335, 380.38181965368545),
 (160.1330193074067, 393.7636393073709),
 (190.19952896111005, 407.14545896105636),
 (220.2660386148134, 420.5272786147418),
 (250.33254826851675, 433.9090982684273),
 (280.3990579222201, 447.2909179221127),
 (310.46556757592344, 460.6727375757982),
 (340.5320772296268, 474.05455722948363),
 (370.59858688333014, 487.4363768831691),
 (400.6650965370335, 500.81819653685454),
 (430.73160619073684, 514.20001619054),
 (430.73160619073684, 514.20001619054),
 (459.72373205758623, 529.7732219530271),
 (488.7158579244356, 545.3464277155142),
 (517.7079837912851, 560.9196334780013),
 (546.7001096581345, 576.4928392404884),
 (575.6922355249839, 592.0660450029754),
 (604.6843613918332, 607.6392507654625),
 (633.6764872586826, 623.2124565279496),
 (662.668613125532, 638.7856622904367),
 (691.6607389923814, 654.3588680529238),
 (720.6528648592308, 669.9320738154108),
 (749.6449907260802, 685.5052795778979),
 (778.6371165929296, 701.078485340385),
 (807.629242459779, 716.6516911028721),
 (836.6213683266284, 732.2248968653591),
 (865.6134941934778, 747.7981026278462),
 (894.6056200603272, 763.3713083903333),
 (923.5977459271766, 778.9445141528204),
 (952.589871794026, 794.5177199153075),
 (952.589871794026, 794.5177199153075),
 (980.3481679146089, 812.1966649200873),
 (1008.1064640351918, 829.8756099248671),
 (1035.8647601557748, 847.554554929647),
 (1063.6230562763576, 865.2334999344268),
 (1091.3813523969404, 882.9124449392067),
 (1119.1396485175233, 900.5913899439865),
 (1146.897944638106, 918.2703349487664),
 (1146.897944638106, 918.2703349487664),
 (1173.269750659852, 937.9577915430399),
 (1199.6415566815979, 957.6452481373134),
 (1226.0133627033438, 977.3327047315869),
 (1252.3851687250897, 997.0201613258604),
 (1278.7569747468356, 1016.7076179201339),
 (1278.7569747468356, 1016.7076179201339),
 (1303.5972554994403, 1038.2953123809089),
 (1328.437536252045, 1059.8830068416837),
 (1353.2778170046497, 1081.4707013024586),
 (1378.1180977572544, 1103.0583957632334),
 (1402.9583785098591, 1124.6460902240083),
 (1427.7986592624638, 1146.2337846847831),
 (1452.6389400150686, 1167.821479145558),
 (1477.4792207676733, 1189.4091736063328),
 (1502.319501520278, 1210.9968680671077),
 (1527.1597822728827, 1232.5845625278826),
 (1552.0000630254874, 1254.1722569886574)]

orientations:
[23.742599693921335,
 19.492599693921335,
 15.242599693921335,
 10.992599693921335,
 6.742599693921334,
 2.492599693921333,
 6.742599693921334,
 10.992599693921335,
 15.242599693921335,
 19.492599693921335,
 23.742599693921335,
 27.992599693921335,
 32.242599693921335,
 36.492599693921335,
 40.742599693921335,
 44.992599693921335,
 19.74259969392133,
 15.492599693921331,
 19.74259969392133,
 23.99259969392133,
 23.99259969392133,
 23.99259969392133,
 23.99259969392133,
 23.99259969392133,
 23.99259969392133,
 23.99259969392133,
 23.99259969392133,
 23.99259969392133,
 23.99259969392133,
 23.99259969392133,
 23.99259969392133,
 28.24259969392133,
 28.24259969392133,
 28.24259969392133,
 28.24259969392133,
 28.24259969392133,
 28.24259969392133,
 28.24259969392133,
 28.24259969392133,
 28.24259969392133,
 28.24259969392133,
 28.24259969392133,
 28.24259969392133,
 28.24259969392133,
 28.24259969392133,
 28.24259969392133,
 28.24259969392133,
 28.24259969392133,
 28.24259969392133,
 28.24259969392133,
 32.492599693921335,
 32.492599693921335,
 32.492599693921335,
 32.492599693921335,
 32.492599693921335,
 32.492599693921335,
 32.492599693921335,
 32.492599693921335,
 36.742599693921335,
 36.742599693921335,
 36.742599693921335,
 36.742599693921335,
 36.742599693921335,
 36.742599693921335,
 40.992599693921335,
 40.992599693921335,
 40.992599693921335,
 40.992599693921335,
 40.992599693921335,
 40.992599693921335,
 40.992599693921335,
 40.992599693921335,
 40.992599693921335,
 40.992599693921335,
 40.992599693921335,
 40.992599693921335]