actions:
[('init', None, 100),
 ('turnLeft', 100, 50),
 ('turnLeft', 100, 50),
 ('turnLeft', 100, 50),
 ('turnLeft', 100, 50),
 ('turnLeft', 100, 50),
 ('turnRight', 100, 50),
 ('turnRight', 100, 50),
 ('turnRight', 100, 50),
 ('turnRight', 100, 50),
 ('turnRight', 100, 50),
 ('turnRight', 100, 50),
 ('turnRight', 100, 50),
 ('turnRight', 100, 50),
 ('turnRight', 100, 50),
 ('turnRight', 100, 50),
 ('turnLeft', 100, 200),
 ('turnLeft', 100, 50),
 ('driveForward', 100, 150),
 ('driveForward', 100, 150),
 ('driveForward', 100, 150),
 ('turnLeft', 100, 50),
 ('turnLeft', 100, 50),
 ('driveForward', 100, 150),
 ('turnLeft', 100, 50),
 ('driveForward', 100, 150),
 ('turnLeft', 100, 50),
 ('driveForward', 100, 150),
 ('driveForward', 100, 150),
 ('turnLeft', 100, 50),
 ('turnLeft', 100, 50),
 ('driveForward', 100, 150),
 ('turnLeft', 100, 50),
 ('driveForward', 100, 150),
 ('driveForward', 100, 150),
 ('turnLeft', 100, 50),
 ('driveForward', 100, 150),
 ('turnLeft', 100, 50),
 ('driveForward', 100, 150),
 ('turnLeft', 100, 50),
 ('driveForward', 100, 150),
 ('turnLeft', 100, 50),
 ('driveForward', 100, 150),
 ('driveForward', 100, 150),
 ('turnLeft', 100, 50),
 ('driveForward', 100, 150),
 ('turnLeft', 100, 50),
 ('driveForward', 100, 150),
 ('driveForward', 100, 150),
 ('driveForward', 100, 150),
 ('turnLeft', 100, 50),
 ('driveForward', 100, 150),
 ('driveForward', 100, 150),
 ('driveForward', 100, 150),
 ('turnLeft', 100, 50),
 ('driveForward', 100, 150),
 ('driveForward', 100, 150),
 ('driveForward', 100, 150),
 ('turnLeft', 100, 50),
 ('driveForward', 100, 150),
 ('driveForward', 100, 150),
 ('driveForward', 100, 150),
 ('driveForward', 100, 150),
 ('turnLeft', 100, 50),
 ('driveForward', 100, 150),
 ('driveForward', 100, 150),
 ('driveForward', 100, 150),
 ('driveForward', 100, 150),
 ('driveForward', 100, 150),
 ('driveForward', 100, 150),
 ('driveForward', 100, 150),
 ('turnLeft', 100, 50),
 ('driveForward', 100, 150),
 ('driveForward', 100, 150),
 ('driveForward', 100, 150),
 ('driveForward', 100, 150),
 ('driveForward', 100, 150),
 ('driveForward', 100, 150),
 ('driveForward', 100, 150),
 ('driveForward', 100, 150),
 ('driveForward', 100, 150),
 ('turnLeft', 100, 50),
 ('driveForward', 100, 150),
 ('driveForward', 100, 150),
 ('driveForward', 100, 150)]

positions:
[(100, 273),
 (100, 273),
 (100, 273),
 (100, 273),
 (100, 273),
 (100, 273),
 (100, 273),
 (100, 273),
 (100, 273),
 (100, 273),
 (100, 273),
 (100, 273),
 (100, 273),
 (100, 273),
 (100, 273),
 (100, 273),
 (100, 273),
 (100, 273),
 (114.70131598318345, 302.44383481074766),
 (129.4026319663669, 331.8876696214953),
 (144.10394794955033, 361.331504432243),
 (144.10394794955033, 361.331504432243),
 (144.10394794955033, 361.331504432243),
 (162.995858553989, 388.27893127997555),
 (162.995858553989, 388.27893127997555),
 (183.83285301948482, 413.7522067200303),
 (183.83285301948482, 413.7522067200303),
 (206.5003355903115, 437.6112371676673),
 (229.16781816113817, 461.4702676153043),
 (229.16781816113817, 461.4702676153043),
 (229.16781816113817, 461.4702676153043),
 (255.1129072467542, 481.71675996186764),
 (255.1129072467542, 481.71675996186764),
 (282.48708911936393, 499.9848268219731),
 (309.86127099197364, 518.2528936820786),
 (309.86127099197364, 518.2528936820786),
 (338.5139977851717, 534.4420674508152),
 (338.5139977851717, 534.4420674508152),
 (368.28769010880546, 548.4633136656704),
 (368.28769010880546, 548.4633136656704),
 (399.0186036772853, 560.2395206631134),
 (399.0186036772853, 560.2395206631134),
 (430.53772984253703, 569.7059236641978),
 (462.0568560077888, 579.1723266652823),
 (462.0568560077888, 579.1723266652823),
 (494.1908512442517, 586.276863957955),
 (494.1908512442517, 586.276863957955),
 (526.7629904740973, 590.9804632171987),
 (559.3351297039428, 595.6840624764424),
 (591.9072689337884, 600.387661735686),
 (591.9072689337884, 600.387661735686),
 (624.7384174494248, 602.6644549068424),
 (657.5695659650612, 604.9412480779987),
 (690.4007144806976, 607.218041249155),
 (690.4007144806976, 607.218041249155),
 (723.3103131193463, 607.0555068126491),
 (756.2199117579951, 606.8929723761432),
 (789.1295103966438, 606.7304379396373),
 (789.1295103966438, 606.7304379396373),
 (821.9365685488918, 604.1294697747),
 (854.7436267011399, 601.5285016097628),
 (887.5506848533879, 598.9275334448255),
 (920.3577430056359, 596.3265652798882),
 (920.3577430056359, 596.3265652798882),
 (952.8818339967851, 591.3014677485509),
 (985.4059249879342, 586.2763702172135),
 (1017.9300159790834, 581.2512726858762),
 (1050.4541069702325, 576.2261751545389),
 (1082.9781979613815, 571.2010776232015),
 (1115.5022889525305, 566.1759800918642),
 (1148.0263799436796, 561.1508825605268),
 (1148.0263799436796, 561.1508825605268),
 (1180.0886333136634, 553.7292918389259),
 (1212.1508866836473, 546.3077011173249),
 (1244.2131400536312, 538.8861103957239),
 (1276.275393423615, 531.4645196741229),
 (1308.3376467935989, 524.042928952522),
 (1340.3999001635827, 516.621338230921),
 (1372.4621535335666, 509.19974750931993),
 (1404.5244069035505, 501.7781567877189),
 (1436.5866602735343, 494.35656606611786),
 (1436.5866602735343, 494.35656606611786),
 (1468.0107454982315, 484.57929815575676),
 (1499.4348307229286, 474.80203024539566),
 (1530.8589159476257, 465.02476233503455)]

orientations:
[71.71702901564188,
 67.46702901564188,
 63.217029015641884,
 58.967029015641884,
 54.717029015641884,
 50.467029015641884,
 54.717029015641884,
 58.967029015641884,
 63.217029015641884,
 67.46702901564188,
 71.71702901564188,
 75.96702901564188,
 80.21702901564188,
 84.46702901564188,
 88.71702901564188,
 92.96702901564188,
 67.71702901564188,
 63.467029015641884,
 63.467029015641884,
 63.467029015641884,
 63.467029015641884,
 59.217029015641884,
 54.967029015641884,
 54.967029015641884,
 50.717029015641884,
 50.717029015641884,
 46.467029015641884,
 46.467029015641884,
 46.467029015641884,
 42.217029015641884,
 37.967029015641884,
 37.967029015641884,
 33.717029015641884,
 33.717029015641884,
 33.717029015641884,
 29.467029015641884,
 29.467029015641884,
 25.217029015641884,
 25.217029015641884,
 20.967029015641884,
 20.967029015641884,
 16.717029015641884,
 16.717029015641884,
 16.717029015641884,
 12.467029015641884,
 12.467029015641884,
 8.217029015641884,
 8.217029015641884,
 8.217029015641884,
 8.217029015641884,
 3.9670290156418835,
 3.9670290156418835,
 3.9670290156418835,
 3.9670290156418835,
 -0.2829709843581174,
 -0.2829709843581174,
 -0.2829709843581174,
 -0.2829709843581174,
 -4.532970984358118,
 -4.532970984358118,
 -4.532970984358118,
 -4.532970984358118,
 -4.532970984358118,
 -8.78297098435812,
 -8.78297098435812,
 -8.78297098435812,
 -8.78297098435812,
 -8.78297098435812,
 -8.78297098435812,
 -8.78297098435812,
 -8.78297098435812,
 -13.03297098435812,
 -13.03297098435812,
 -13.03297098435812,
 -13.03297098435812,
 -13.03297098435812,
 -13.03297098435812,
 -13.03297098435812,
 -13.03297098435812,
 -13.03297098435812,
 -13.03297098435812,
 -17.28297098435812,
 -17.28297098435812,
 -17.28297098435812,
 -17.28297098435812]