actions:
[('init', None, 100),
 ('turnLeft', 100, 50),
 ('turnLeft', 100, 50),
 ('turnLeft', 100, 50),
 ('turnLeft', 100, 50),
 ('turnLeft', 100, 50),
 ('turnRight', 100, 50),
 ('turnRight', 100, 50),
 ('turnRight', 100, 50),
 ('turnRight', 100, 50),
 ('turnRight', 100, 50),
 ('turnRight', 100, 50),
 ('turnRight', 100, 50),
 ('turnRight', 100, 50),
 ('turnRight', 100, 50),
 ('turnRight', 100, 50),
 ('turnLeft', 100, 200),
 ('turnLeft', 100, 50),
 ('turnRight', 100, 50),
 ('turnRight', 100, 50),
 ('driveForward', 100, 150),
 ('driveForward', 100, 150),
 ('driveForward', 100, 150),
 ('driveForward', 100, 150),
 ('driveForward', 100, 150),
 ('driveForward', 100, 150),
 ('turnLeft', 100, 50),
 ('driveForward', 100, 150),
 ('driveForward', 100, 150),
 ('driveForward', 100, 150),
 ('turnLeft', 100, 50),
 ('driveForward', 100, 150),
 ('driveForward', 100, 150),
 ('driveForward', 100, 150),
 ('turnLeft', 100, 50),
 ('driveForward', 100, 150),
 ('turnLeft', 100, 50),
 ('driveForward', 100, 150),
 ('driveForward', 100, 150),
 ('turnLeft', 100, 50),
 ('driveForward', 100, 150),
 ('turnLeft', 100, 50),
 ('driveForward', 100, 150),
 ('turnLeft', 100, 50),
 ('turnLeft', 100, 50),
 ('driveForward', 100, 150),
 ('driveForward', 100, 150),
 ('turnLeft', 100, 50),
 ('driveForward', 100, 150),
 ('turnLeft', 100, 50),
 ('turnLeft', 100, 50),
 ('driveForward', 100, 150),
 ('turnLeft', 100, 50),
 ('driveForward', 100, 150),
 ('turnLeft', 100, 50),
 ('driveForward', 100, 150),
 ('turnLeft', 100, 50),
 ('driveForward', 100, 150),
 ('turnLeft', 100, 50),
 ('driveForward', 100, 150),
 ('turnLeft', 100, 50),
 ('driveForward', 100, 150),
 ('turnLeft', 100, 50),
 ('driveForward', 100, 150),
 ('turnLeft', 100, 50),
 ('driveForward', 100, 150),
 ('driveForward', 100, 150),
 ('turnLeft', 100, 50),
 ('driveForward', 100, 150),
 ('driveForward', 100, 150),
 ('driveForward', 100, 150),
 ('driveForward', 100, 150),
 ('driveForward', 100, 150),
 ('driveForward', 100, 150),
 ('driveForward', 100, 150),
 ('driveForward', 100, 150),
 ('driveForward', 100, 150),
 ('turnRight', 100, 50),
 ('driveForward', 100, 150),
 ('driveForward', 100, 150),
 ('turnRight', 100, 50),
 ('driveForward', 100, 150),
 ('turnRight', 100, 50),
 ('driveForward', 100, 150),
 ('turnRight', 100, 50),
 ('driveForward', 100, 150),
 ('turnRight', 100, 50),
 ('driveForward', 100, 150),
 ('turnRight', 100, 50),
 ('turnRight', 100, 50),
 ('driveForward', 100, 150),
 ('turnRight', 100, 50),
 ('turnRight', 100, 50),
 ('driveForward', 100, 150),
 ('turnRight', 100, 50),
 ('turnRight', 100, 50),
 ('driveForward', 100, 150),
 ('turnRight', 100, 50),
 ('turnRight', 100, 50),
 ('driveForward', 100, 150),
 ('turnRight', 100, 50),
 ('turnRight', 100, 50),
 ('driveForward', 100, 150),
 ('turnRight', 100, 50),
 ('turnRight', 100, 50),
 ('driveForward', 100, 150),
 ('turnRight', 100, 50),
 ('driveForward', 100, 150),
 ('turnRight', 100, 50),
 ('turnRight', 100, 50),
 ('driveForward', 100, 150),
 ('turnRight', 100, 50),
 ('driveForward', 100, 150),
 ('driveForward', 100, 150),
 ('turnRight', 100, 50),
 ('driveForward', 100, 150),
 ('turnRight', 100, 50),
 ('driveForward', 100, 150),
 ('driveForward', 100, 150),
 ('turnRight', 100, 50),
 ('driveForward', 100, 150),
 ('driveForward', 100, 150),
 ('turnLeft', 100, 50),
 ('turnLeft', 100, 50)]

positions:
[(100, 159),
 (100, 159),
 (100, 159),
 (100, 159),
 (100, 159),
 (100, 159),
 (100, 159),
 (100, 159),
 (100, 159),
 (100, 159),
 (100, 159),
 (100, 159),
 (100, 159),
 (100, 159),
 (100, 159),
 (100, 159),
 (100, 159),
 (100, 159),
 (100, 159),
 (100, 159),
 (118.01903171630036, 186.53874717569704),
 (136.03806343260072, 214.07749435139408),
 (154.05709514890108, 241.61624152709112),
 (172.07612686520145, 269.15498870278816),
 (190.0951585815018, 296.6937358784852),
 (208.11419029780217, 324.23248305418224),
 (208.11419029780217, 324.23248305418224),
 (228.12452798725994, 350.36014053727604),
 (248.1348656767177, 376.48779802036984),
 (268.14520336617545, 402.61545550346364),
 (268.14520336617545, 402.61545550346364),
 (290.036797579305, 427.188330850229),
 (311.9283917924346, 451.7612061969944),
 (333.81998600556415, 476.3340815437598),
 (333.81998600556415, 476.3340815437598),
 (357.472441078439, 499.2170330366428),
 (357.472441078439, 499.2170330366428),
 (382.7556772642728, 520.2842129136777),
 (408.0389134501066, 541.3513927907126),
 (408.0389134501066, 541.3513927907126),
 (434.8138823097053, 560.486939361624),
 (434.8138823097053, 560.486939361624),
 (462.9333314264071, 577.5856142042314),
 (462.9333314264071, 577.5856142042314),
 (462.9333314264071, 577.5856142042314),
 (493.2712577314059, 590.3401556508088),
 (523.6091840364047, 603.0946970973862),
 (523.6091840364047, 603.0946970973862),
 (554.8089064693398, 613.5658680017218),
 (554.8089064693398, 613.5658680017218),
 (554.8089064693398, 613.5658680017218),
 (587.2136644932086, 619.310409533864),
 (587.2136644932086, 619.310409533864),
 (619.9550347304277, 622.6376869478083),
 (619.9550347304277, 622.6376869478083),
 (652.8529517655138, 623.5294014495328),
 (652.8529517655138, 623.5294014495328),
 (685.7264892335492, 621.9806489393897),
 (685.7264892335492, 621.9806489393897),
 (718.3948548482092, 617.9999469828382),
 (718.3948548482092, 617.9999469828382),
 (750.6783846924087, 611.6091879669875),
 (750.6783846924087, 611.6091879669875),
 (782.3995313033341, 602.8435187005725),
 (782.3995313033341, 602.8435187005725),
 (813.3838401177612, 591.7511471195168),
 (844.3681489321883, 580.658775538461),
 (844.3681489321883, 580.658775538461),
 (874.445217721997, 567.3007055800756),
 (904.5222865118056, 553.9426356216902),
 (934.5993553016143, 540.5845656633048),
 (964.676424091423, 527.2264957049194),
 (994.7534928812316, 513.8684257465341),
 (1024.8305616710402, 500.5103557881487),
 (1054.9076304608488, 487.1522858297633),
 (1084.9846992506575, 473.7942158713779),
 (1115.0617680404662, 460.4361459129925),
 (1115.0617680404662, 460.4361459129925),
 (1146.0460768548933, 449.3437743319367),
 (1177.0303856693204, 438.25140275088086),
 (1177.0303856693204, 438.25140275088086),
 (1208.7515322802458, 429.48573348446587),
 (1208.7515322802458, 429.48573348446587),
 (1241.0350621244454, 423.09497446861525),
 (1241.0350621244454, 423.09497446861525),
 (1273.7034277391056, 419.11427251206374),
 (1273.7034277391056, 419.11427251206374),
 (1306.576965207141, 417.5655200019206),
 (1306.576965207141, 417.5655200019206),
 (1306.576965207141, 417.5655200019206),
 (1339.3183354443602, 420.892797415865),
 (1339.3183354443602, 420.892797415865),
 (1339.3183354443602, 420.892797415865),
 (1371.2082670819557, 429.0230102144017),
 (1371.2082670819557, 429.0230102144017),
 (1371.2082670819557, 429.0230102144017),
 (1401.5461933869544, 441.7775516609791),
 (1401.5461933869544, 441.7775516609791),
 (1401.5461933869544, 441.7775516609791),
 (1429.6656425036563, 458.8762265035866),
 (1429.6656425036563, 458.8762265035866),
 (1429.6656425036563, 458.8762265035866),
 (1454.9488786894901, 479.9434063806215),
 (1454.9488786894901, 479.9434063806215),
 (1454.9488786894901, 479.9434063806215),
 (1476.8404729026197, 504.51628172738697),
 (1476.8404729026197, 504.51628172738697),
 (1496.8508105920776, 530.6439392104808),
 (1496.8508105920776, 530.6439392104808),
 (1496.8508105920776, 530.6439392104808),
 (1512.7794383314078, 559.4423231641306),
 (1512.7794383314078, 559.4423231641306),
 (1526.5300605379634, 589.3419634451203),
 (1540.280682744519, 619.24160372611),
 (1540.280682744519, 619.24160372611),
 (1551.77767608663, 650.0780633817102),
 (1551.77767608663, 650.0780633817102),
 (1560.95781135709, 681.6817532994406),
 (1570.1379466275498, 713.2854432171711),
 (1570.1379466275498, 713.2854432171711),
 (1576.9507364808476, 745.4825548021379),
 (1583.7635263341454, 777.6796663871047),
 (1583.7635263341454, 777.6796663871047),
 (1583.7635263341454, 777.6796663871047)]

orientations:
[56.55265059779404,
 52.30265059779404,
 48.05265059779404,
 43.80265059779404,
 39.55265059779404,
 35.30265059779404,
 39.55265059779404,
 43.80265059779404,
 48.05265059779404,
 52.30265059779404,
 56.55265059779404,
 60.80265059779404,
 65.05265059779404,
 69.30265059779404,
 73.55265059779404,
 77.80265059779404,
 52.55265059779404,
 48.30265059779404,
 52.55265059779404,
 56.80265059779404,
 56.80265059779404,
 56.80265059779404,
 56.80265059779404,
 56.80265059779404,
 56.80265059779404,
 56.80265059779404,
 52.55265059779404,
 52.55265059779404,
 52.55265059779404,
 52.55265059779404,
 48.30265059779404,
 48.30265059779404,
 48.30265059779404,
 48.30265059779404,
 44.05265059779404,
 44.05265059779404,
 39.80265059779404,
 39.80265059779404,
 39.80265059779404,
 35.55265059779404,
 35.55265059779404,
 31.30265059779404,
 31.30265059779404,
 27.05265059779404,
 22.80265059779404,
 22.80265059779404,
 22.80265059779404,
 18.55265059779404,
 18.55265059779404,
 14.302650597794042,
 10.052650597794042,
 10.052650597794042,
 5.802650597794041,
 5.802650597794041,
 1.55265059779404,
 1.55265059779404,
 -2.697349402205961,
 -2.697349402205961,
 -6.947349402205962,
 -6.947349402205962,
 -11.197349402205962,
 -11.197349402205962,
 -15.447349402205962,
 -15.447349402205962,
 -19.697349402205962,
 -19.697349402205962,
 -19.697349402205962,
 -23.947349402205962,
 -23.947349402205962,
 -23.947349402205962,
 -23.947349402205962,
 -23.947349402205962,
 -23.947349402205962,
 -23.947349402205962,
 -23.947349402205962,
 -23.947349402205962,
 -23.947349402205962,
 -19.697349402205962,
 -19.697349402205962,
 -19.697349402205962,
 -15.447349402205962,
 -15.447349402205962,
 -11.197349402205962,
 -11.197349402205962,
 -6.947349402205961,
 -6.947349402205961,
 -2.69734940220596,
 -2.69734940220596,
 1.5526505977940408,
 5.802650597794042,
 5.802650597794042,
 10.052650597794042,
 14.302650597794042,
 14.302650597794042,
 18.55265059779404,
 22.80265059779404,
 22.80265059779404,
 27.05265059779404,
 31.30265059779404,
 31.30265059779404,
 35.55265059779404,
 39.80265059779404,
 39.80265059779404,
 44.05265059779404,
 48.30265059779404,
 48.30265059779404,
 52.55265059779404,
 52.55265059779404,
 56.80265059779404,
 61.05265059779404,
 61.05265059779404,
 65.30265059779404,
 65.30265059779404,
 65.30265059779404,
 69.55265059779404,
 69.55265059779404,
 73.80265059779404,
 73.80265059779404,
 73.80265059779404,
 78.05265059779404,
 78.05265059779404,
 78.05265059779404,
 73.80265059779404,
 69.55265059779404]