actions:
[('init', None, 100),
 ('driveForward', 100, 150),
 ('driveForward', 100, 150),
 ('driveForward', 100, 150),
 ('driveForward', 100, 150),
 ('driveForward', 100, 150),
 ('driveForward', 100, 150),
 ('turnLeft', 100, 50),
 ('driveForward', 100, 150),
 ('turnLeft', 100, 50),
 ('driveForward', 100, 150),
 ('driveForward', 100, 150),
 ('driveForward', 100, 150),
 ('driveForward', 100, 150),
 ('driveForward', 100, 150),
 ('driveForward', 100, 150),
 ('driveForward', 100, 150),
 ('driveForward', 100, 150),
 ('driveForward', 100, 150),
 ('driveForward', 100, 150),
 ('driveForward', 100, 150),
 ('driveForward', 100, 150),
 ('driveForward', 100, 150),
 ('driveForward', 100, 150),
 ('driveForward', 100, 150),
 ('driveForward', 100, 150),
 ('driveForward', 100, 150),
 ('driveForward', 100, 150),
 ('turnLeft', 100, 50),
 ('driveForward', 100, 150),
 ('driveForward', 100, 150),
 ('driveForward', 100, 150),
 ('driveForward', 100, 150),
 ('driveForward', 100, 150),
 ('driveForward', 100, 150),
 ('driveForward', 100, 150),
 ('driveForward', 100, 150),
 ('driveForward', 100, 150),
 ('turnRight', 100, 50),
 ('driveForward', 100, 150),
 ('driveForward', 100, 150),
 ('driveForward', 100, 150),
 ('driveForward', 100, 150),
 ('driveForward', 100, 150),
 ('driveForward', 100, 150),
 ('turnRight', 100, 50),
 ('driveForward', 100, 150),
 ('driveForward', 100, 150),
 ('turnRight', 100, 50),
 ('turnLeft', 100, 50),
 ('driveForward', 100, 150)]

positions:
[(100, 480),
 (132.5235116935613, 485.02884550555905),
 (165.04702338712258, 490.0576910111181),
 (197.57053508068387, 495.08653651667714),
 (230.09404677424516, 500.1153820222362),
 (262.6175584678065, 505.14422752779524),
 (295.1410701613678, 510.1730730333543),
 (295.1410701613678, 510.1730730333543),
 (327.9478283657, 512.7778217971476),
 (327.9478283657, 512.7778217971476),
 (360.85740805570737, 512.9441486652495),
 (393.76698774571474, 513.1104755333514),
 (426.6765674357221, 513.2768024014533),
 (459.5861471257295, 513.4431292695552),
 (492.4957268157369, 513.6094561376572),
 (525.4053065057443, 513.7757830057591),
 (558.3148861957517, 513.942109873861),
 (591.2244658857591, 514.1084367419629),
 (624.1340455757664, 514.2747636100648),
 (657.0436252657738, 514.4410904781668),
 (689.9532049557812, 514.6074173462687),
 (722.8627846457886, 514.7737442143706),
 (755.7723643357959, 514.9400710824725),
 (788.6819440258033, 515.1063979505744),
 (821.5915237158107, 515.2727248186764),
 (854.5011034058181, 515.4390516867783),
 (887.4106830958254, 515.6053785548802),
 (920.3202627858328, 515.7717054229821),
 (920.3202627858328, 515.7717054229821),
 (953.1516734563129, 513.4986956591921),
 (985.983084126793, 511.2256858954021),
 (1018.814494797273, 508.95267613161207),
 (1051.6459054677532, 506.67966636782205),
 (1084.4773161382334, 504.40665660403204),
 (1117.3087268087136, 502.133646840242),
 (1150.1401374791938, 499.860637076452),
 (1182.971548149674, 497.587627312662),
 (1215.8029588201541, 495.314617548872),
 (1215.8029588201541, 495.314617548872),
 (1248.7125385101615, 495.48094441697384),
 (1281.6221182001689, 495.6472712850757),
 (1314.5316978901762, 495.81359815317757),
 (1347.4412775801836, 495.9799250212794),
 (1380.350857270191, 496.1462518893813),
 (1413.2604369601984, 496.31257875748315),
 (1413.2604369601984, 496.31257875748315),
 (1446.0671951645306, 498.9173275212764),
 (1478.8739533688629, 501.5220762850696),
 (1478.8739533688629, 501.5220762850696),
 (1478.8739533688629, 501.5220762850696),
 (1511.6807115731951, 504.1268250488628)]

orientations:
[8.789573629052924,
 8.789573629052924,
 8.789573629052924,
 8.789573629052924,
 8.789573629052924,
 8.789573629052924,
 8.789573629052924,
 4.539573629052923,
 4.539573629052923,
 0.2895736290529225,
 0.2895736290529225,
 0.2895736290529225,
 0.2895736290529225,
 0.2895736290529225,
 0.2895736290529225,
 0.2895736290529225,
 0.2895736290529225,
 0.2895736290529225,
 0.2895736290529225,
 0.2895736290529225,
 0.2895736290529225,
 0.2895736290529225,
 0.2895736290529225,
 0.2895736290529225,
 0.2895736290529225,
 0.2895736290529225,
 0.2895736290529225,
 0.2895736290529225,
 -3.9604263709470784,
 -3.9604263709470784,
 -3.9604263709470784,
 -3.9604263709470784,
 -3.9604263709470784,
 -3.9604263709470784,
 -3.9604263709470784,
 -3.9604263709470784,
 -3.9604263709470784,
 -3.9604263709470784,
 0.2895736290529225,
 0.2895736290529225,
 0.2895736290529225,
 0.2895736290529225,
 0.2895736290529225,
 0.2895736290529225,
 0.2895736290529225,
 4.539573629052923,
 4.539573629052923,
 4.539573629052923,
 8.789573629052924,
 4.539573629052923,
 4.539573629052923]