actions:
[('init', None, 100),
 ('driveForward', 100, 150),
 ('driveForward', 100, 150),
 ('driveForward', 100, 150),
 ('driveForward', 100, 150),
 ('driveForward', 100, 150),
 ('driveForward', 100, 150),
 ('driveForward', 100, 150),
 ('driveForward', 100, 150),
 ('driveForward', 100, 150),
 ('turnLeft', 100, 50),
 ('driveForward', 100, 150),
 ('turnLeft', 100, 50),
 ('driveForward', 100, 150),
 ('driveForward', 100, 150),
 ('driveForward', 100, 150),
 ('driveForward', 100, 150),
 ('turnLeft', 100, 50),
 ('turnLeft', 100, 50),
 ('turnLeft', 100, 50),
 ('turnLeft', 100, 50),
 ('turnLeft', 100, 50),
 ('driveForward', 100, 150),
 ('turnRight', 100, 50),
 ('driveForward', 100, 150),
 ('turnRight', 100, 50),
 ('driveForward', 100, 150),
 ('driveForward', 100, 150),
 ('turnLeft', 100, 50),
 ('turnLeft', 100, 50),
 ('turnLeft', 100, 50),
 ('turnLeft', 100, 50),
 ('driveForward', 100, 150),
 ('driveForward', 100, 150),
 ('driveForward', 100, 150),
 ('turnLeft', 100, 50),
 ('turnLeft', 100, 50),
 ('turnLeft', 100, 50),
 ('turnLeft', 100, 50),
 ('driveForward', 100, 150),
 ('driveForward', 100, 150),
 ('turnLeft', 100, 50),
 ('driveForward', 100, 150),
 ('turnLeft', 100, 50),
 ('driveForward', 100, 150),
 ('driveForward', 100, 150),
 ('turnLeft', 100, 50),
 ('driveForward', 100, 150),
 ('turnLeft', 100, 50),
 ('driveForward', 100, 150),
 ('turnLeft', 100, 50),
 ('driveForward', 100, 150),
 ('turnLeft', 100, 50),
 ('driveForward', 100, 150),
 ('driveForward', 100, 150),
 ('driveForward', 100, 150),
 ('driveForward', 100, 150),
 ('driveForward', 100, 150),
 ('driveForward', 100, 150),
 ('driveForward', 100, 150),
 ('driveForward', 100, 150),
 ('driveForward', 100, 150),
 ('turnLeft', 100, 50),
 ('driveForward', 100, 150),
 ('turnRight', 100, 50),
 ('driveForward', 100, 150),
 ('turnRight', 100, 50),
 ('driveForward', 100, 150),
 ('turnRight', 100, 50),
 ('turnRight', 100, 50),
 ('driveForward', 100, 150),
 ('driveForward', 100, 150),
 ('turnRight', 100, 50),
 ('turnRight', 100, 50),
 ('turnLeft', 100, 50),
 ('turnRight', 100, 50),
 ('driveForward', 100, 150),
 ('turnRight', 100, 50),
 ('driveForward', 100, 150),
 ('turnRight', 100, 50),
 ('turnRight', 100, 50),
 ('driveForward', 100, 150),
 ('turnRight', 100, 50),
 ('turnRight', 100, 50),
 ('driveForward', 100, 150),
 ('turnRight', 100, 50),
 ('turnRight', 100, 50),
 ('driveForward', 100, 150),
 ('turnRight', 100, 50),
 ('turnRight', 100, 50),
 ('turnRight', 100, 50),
 ('driveForward', 100, 150),
 ('turnRight', 100, 50),
 ('driveForward', 100, 150),
 ('turnRight', 100, 50),
 ('turnRight', 100, 50),
 ('turnLeft', 100, 50),
 ('turnRight', 100, 50),
 ('driveForward', 100, 150),
 ('turnRight', 100, 50),
 ('driveForward', 100, 150),
 ('turnRight', 100, 50),
 ('driveForward', 100, 150),
 ('turnRight', 100, 50),
 ('driveForward', 100, 150),
 ('turnRight', 100, 50),
 ('driveForward', 100, 150),
 ('turnRight', 100, 50),
 ('driveForward', 100, 150),
 ('driveForward', 100, 150),
 ('turnRight', 100, 50),
 ('driveForward', 100, 150),
 ('driveForward', 100, 150),
 ('driveForward', 100, 150),
 ('turnRight', 100, 50),
 ('turnRight', 100, 50),
 ('turnLeft', 100, 50),
 ('turnLeft', 100, 50),
 ('turnLeft', 100, 50),
 ('turnLeft', 100, 50)]

positions:
[(100, 159),
 (118.13902025934738, 186.45986241828217),
 (136.27804051869475, 213.91972483656434),
 (154.41706077804213, 241.3795872548465),
 (172.5560810373895, 268.8394496731287),
 (190.69510129673688, 296.29931209141085),
 (208.83412155608426, 323.759174509693),
 (226.97314181543163, 351.2190369279752),
 (245.112162074779, 378.67889934625737),
 (263.2511823341264, 406.13876176453954),
 (263.2511823341264, 406.13876176453954),
 (283.37533259007614, 432.17885923893385),
 (283.37533259007614, 432.17885923893385),
 (305.37393746616027, 456.6559808733484),
 (327.3725423422444, 481.133102507763),
 (349.37114721832853, 505.6102241421776),
 (371.36975209441266, 530.0873457765922),
 (371.36975209441266, 530.0873457765922),
 (371.36975209441266, 530.0873457765922),
 (371.36975209441266, 530.0873457765922),
 (371.36975209441266, 530.0873457765922),
 (371.36975209441266, 530.0873457765922),
 (400.7440649001748, 544.9270845609926),
 (400.7440649001748, 544.9270845609926),
 (428.93785314668526, 561.9029027831264),
 (428.93785314668526, 561.9029027831264),
 (455.7960614358997, 580.9214397272021),
 (482.6542697251141, 599.9399766712779),
 (482.6542697251141, 599.9399766712779),
 (482.6542697251141, 599.9399766712779),
 (482.6542697251141, 599.9399766712779),
 (482.6542697251141, 599.9399766712779),
 (513.8993841164074, 610.2749138590403),
 (545.1444985077007, 620.6098510468028),
 (576.3896128989941, 630.9447882345652),
 (576.3896128989941, 630.9447882345652),
 (576.3896128989941, 630.9447882345652),
 (576.3896128989941, 630.9447882345652),
 (576.3896128989941, 630.9447882345652),
 (609.2911075957854, 631.6929504609623),
 (642.1926022925768, 632.4411126873594),
 (642.1926022925768, 632.4411126873594),
 (675.0590691420213, 630.7489375089672),
 (675.0590691420213, 630.7489375089672),
 (707.7097547435791, 626.6257312628253),
 (740.3604403451369, 622.5025250166834),
 (740.3604403451369, 622.5025250166834),
 (772.6157780152498, 615.970963810739),
 (772.6157780152498, 615.970963810739),
 (804.2983753376249, 607.0669688136475),
 (804.2983753376249, 607.0669688136475),
 (835.233989755854, 595.839508701643),
 (835.233989755854, 595.839508701643),
 (865.2524868429697, 582.3503303489475),
 (895.2709839300853, 568.861151996252),
 (925.289481017201, 555.3719736435565),
 (955.3079781043166, 541.882795290861),
 (985.3264751914322, 528.3936169381656),
 (1015.3449722785479, 514.9044385854701),
 (1045.3634693656636, 501.41526023277453),
 (1075.3819664527794, 487.926081880079),
 (1105.400463539895, 474.43690352738344),
 (1105.400463539895, 474.43690352738344),
 (1134.3367526747347, 458.7601924212567),
 (1134.3367526747347, 458.7601924212567),
 (1164.3552497618505, 445.27101406856116),
 (1164.3552497618505, 445.27101406856116),
 (1195.2908641800796, 434.0435539565567),
 (1195.2908641800796, 434.0435539565567),
 (1195.2908641800796, 434.0435539565567),
 (1227.5462018501923, 427.51199275061225),
 (1259.8015395203051, 420.9804315446678),
 (1259.8015395203051, 420.9804315446678),
 (1259.8015395203051, 420.9804315446678),
 (1259.8015395203051, 420.9804315446678),
 (1259.8015395203051, 420.9804315446678),
 (1292.6680063697497, 419.28825636627556),
 (1292.6680063697497, 419.28825636627556),
 (1325.569501066541, 420.03641859267265),
 (1325.569501066541, 420.03641859267265),
 (1325.569501066541, 420.03641859267265),
 (1357.9990158318726, 425.63951345936425),
 (1357.9990158318726, 425.63951345936425),
 (1357.9990158318726, 425.63951345936425),
 (1389.244130223166, 435.9744506471267),
 (1389.244130223166, 435.9744506471267),
 (1389.244130223166, 435.9744506471267),
 (1418.6184430289281, 450.8141894315271),
 (1418.6184430289281, 450.8141894315271),
 (1418.6184430289281, 450.8141894315271),
 (1418.6184430289281, 450.8141894315271),
 (1443.9933611581368, 471.7708501849953),
 (1443.9933611581368, 471.7708501849953),
 (1467.7454364713979, 494.55038087184613),
 (1467.7454364713979, 494.55038087184613),
 (1467.7454364713979, 494.55038087184613),
 (1467.7454364713979, 494.55038087184613),
 (1467.7454364713979, 494.55038087184613),
 (1487.8695867273477, 520.5904783462404),
 (1487.8695867273477, 520.5904783462404),
 (1506.008606986695, 548.0503407645225),
 (1506.008606986695, 548.0503407645225),
 (1522.0627393530601, 576.7789490490048),
 (1522.0627393530601, 576.7789490490048),
 (1535.9436920416515, 606.6183064894238),
 (1535.9436920416515, 606.6183064894238),
 (1547.575124951396, 637.4043076663567),
 (1547.575124951396, 637.4043076663567),
 (1556.8930695072347, 668.9676409702762),
 (1566.2110140630734, 700.5309742741957),
 (1566.2110140630734, 700.5309742741957),
 (1573.1642250194427, 732.6980530566439),
 (1580.117435975812, 764.865131839092),
 (1587.0706469321813, 797.0322106215401),
 (1587.0706469321813, 797.0322106215401),
 (1587.0706469321813, 797.0322106215401),
 (1587.0706469321813, 797.0322106215401),
 (1587.0706469321813, 797.0322106215401),
 (1587.0706469321813, 797.0322106215401),
 (1587.0706469321813, 797.0322106215401)]

orientations:
[56.55265059779404,
 56.55265059779404,
 56.55265059779404,
 56.55265059779404,
 56.55265059779404,
 56.55265059779404,
 56.55265059779404,
 56.55265059779404,
 56.55265059779404,
 56.55265059779404,
 52.30265059779404,
 52.30265059779404,
 48.05265059779404,
 48.05265059779404,
 48.05265059779404,
 48.05265059779404,
 48.05265059779404,
 43.80265059779404,
 39.55265059779404,
 35.30265059779404,
 31.05265059779404,
 26.80265059779404,
 26.80265059779404,
 31.05265059779404,
 31.05265059779404,
 35.30265059779404,
 35.30265059779404,
 35.30265059779404,
 31.05265059779404,
 26.80265059779404,
 22.55265059779404,
 18.30265059779404,
 18.30265059779404,
 18.30265059779404,
 18.30265059779404,
 14.052650597794042,
 9.802650597794042,
 5.552650597794041,
 1.30265059779404,
 1.30265059779404,
 1.30265059779404,
 -2.947349402205961,
 -2.947349402205961,
 -7.197349402205962,
 -7.197349402205962,
 -7.197349402205962,
 -11.447349402205962,
 -11.447349402205962,
 -15.697349402205962,
 -15.697349402205962,
 -19.947349402205962,
 -19.947349402205962,
 -24.197349402205962,
 -24.197349402205962,
 -24.197349402205962,
 -24.197349402205962,
 -24.197349402205962,
 -24.197349402205962,
 -24.197349402205962,
 -24.197349402205962,
 -24.197349402205962,
 -24.197349402205962,
 -28.447349402205962,
 -28.447349402205962,
 -24.197349402205962,
 -24.197349402205962,
 -19.947349402205962,
 -19.947349402205962,
 -15.697349402205962,
 -11.447349402205962,
 -11.447349402205962,
 -11.447349402205962,
 -7.197349402205961,
 -2.94734940220596,
 -7.197349402205961,
 -2.94734940220596,
 -2.94734940220596,
 1.3026505977940408,
 1.3026505977940408,
 5.552650597794042,
 9.802650597794042,
 9.802650597794042,
 14.052650597794042,
 18.30265059779404,
 18.30265059779404,
 22.55265059779404,
 26.80265059779404,
 26.80265059779404,
 31.05265059779404,
 35.30265059779404,
 39.55265059779404,
 39.55265059779404,
 43.80265059779404,
 43.80265059779404,
 48.05265059779404,
 52.30265059779404,
 48.05265059779404,
 52.30265059779404,
 52.30265059779404,
 56.55265059779404,
 56.55265059779404,
 60.80265059779404,
 60.80265059779404,
 65.05265059779404,
 65.05265059779404,
 69.30265059779404,
 69.30265059779404,
 73.55265059779404,
 73.55265059779404,
 73.55265059779404,
 77.80265059779404,
 77.80265059779404,
 77.80265059779404,
 77.80265059779404,
 82.05265059779404,
 86.30265059779404,
 82.05265059779404,
 77.80265059779404,
 73.55265059779404,
 69.30265059779404]