actions:
[('init', None, 100),
 ('driveForward', 100, 150),
 ('driveForward', 100, 150),
 ('driveForward', 100, 150),
 ('driveForward', 100, 150),
 ('driveForward', 100, 150),
 ('driveForward', 100, 150),
 ('driveForward', 100, 150),
 ('driveForward', 100, 150),
 ('turnRight', 100, 50),
 ('driveForward', 100, 150),
 ('driveForward', 100, 150),
 ('driveForward', 100, 150),
 ('driveForward', 100, 150),
 ('driveForward', 100, 150),
 ('driveForward', 100, 150),
 ('driveForward', 100, 150),
 ('driveForward', 100, 150),
 ('driveForward', 100, 150),
 ('driveForward', 100, 150),
 ('driveForward', 100, 150),
 ('driveForward', 100, 150),
 ('driveForward', 100, 150),
 ('driveForward', 100, 150),
 ('driveForward', 100, 150),
 ('driveForward', 100, 150),
 ('driveForward', 100, 150),
 ('driveForward', 100, 150),
 ('driveForward', 100, 150),
 ('driveForward', 100, 150),
 ('driveForward', 100, 150),
 ('driveForward', 100, 150),
 ('turnRight', 100, 50),
 ('driveForward', 100, 150),
 ('driveForward', 100, 150),
 ('driveForward', 100, 150),
 ('driveForward', 100, 150),
 ('driveForward', 100, 150),
 ('turnRight', 100, 50),
 ('driveForward', 100, 150),
 ('driveForward', 100, 150),
 ('driveForward', 100, 150),
 ('driveForward', 100, 150),
 ('driveForward', 100, 150),
 ('driveForward', 100, 150),
 ('turnRight', 100, 50),
 ('driveForward', 100, 150),
 ('driveForward', 100, 150),
 ('driveForward', 100, 150),
 ('driveForward', 100, 150),
 ('driveForward', 100, 150),
 ('driveForward', 100, 150),
 ('driveForward', 100, 150),
 ('driveForward', 100, 150),
 ('driveForward', 100, 150),
 ('driveForward', 100, 150),
 ('driveForward', 100, 150)]

positions:
[(100, 367),
 (130.12461246014317, 380.2505027876752),
 (160.24922492028634, 393.5010055753504),
 (190.3738373804295, 406.7515083630256),
 (220.49844984057268, 420.0020111507008),
 (250.62306230071584, 433.252513938376),
 (280.747674760859, 446.5030167260512),
 (310.8722872210022, 459.7535195137264),
 (340.99689968114535, 473.0040223014016),
 (340.99689968114535, 473.0040223014016),
 (370.0567002771488, 488.4505782062147),
 (399.1165008731523, 503.89713411102775),
 (428.17630146915576, 519.3436900158408),
 (457.23610206515923, 534.7902459206539),
 (486.2959026611627, 550.236801825467),
 (515.3557032571662, 565.68335773028),
 (544.4155038531696, 581.1299136350931),
 (573.4753044491731, 596.5764695399062),
 (602.5351050451766, 612.0230254447192),
 (631.59490564118, 627.4695813495323),
 (660.6547062371835, 642.9161372543454),
 (689.714506833187, 658.3626931591584),
 (718.7743074291905, 673.8092490639715),
 (747.8341080251939, 689.2558049687846),
 (776.8939086211974, 704.7023608735976),
 (805.9537092172009, 720.1489167784107),
 (835.0135098132043, 735.5954726832238),
 (864.0733104092078, 751.0420285880368),
 (893.1331110052113, 766.4885844928499),
 (922.1929116012147, 781.935140397663),
 (951.2527121972182, 797.381696302476),
 (980.3125127932217, 812.8282522072891),
 (980.3125127932217, 812.8282522072891),
 (1008.1476833797158, 830.3859108900626),
 (1035.9828539662099, 847.9435695728362),
 (1063.818024552704, 865.5012282556097),
 (1091.653195139198, 883.0588869383832),
 (1119.4883657256921, 900.6165456211568),
 (1119.4883657256921, 900.6165456211568),
 (1145.9458231690026, 920.1887464589628),
 (1172.403280612313, 939.7609472967688),
 (1198.8607380556234, 959.3331481345748),
 (1225.3181954989338, 978.9053489723808),
 (1251.7756529422443, 998.4775498101868),
 (1278.2331103855547, 1018.0497506479928),
 (1278.2331103855547, 1018.0497506479928),
 (1303.167348464267, 1039.528853781832),
 (1328.1015865429792, 1061.007956915671),
 (1353.0358246216915, 1082.48706004951),
 (1377.9700627004038, 1103.9661631833492),
 (1402.904300779116, 1125.4452663171883),
 (1427.8385388578283, 1146.9243694510274),
 (1452.7727769365406, 1168.4034725848664),
 (1477.7070150152529, 1189.8825757187055),
 (1502.6412530939651, 1211.3616788525446),
 (1527.5754911726774, 1232.8407819863837),
 (1552.5097292513897, 1254.3198851202228)]

orientations:
[23.742599693921335,
 23.742599693921335,
 23.742599693921335,
 23.742599693921335,
 23.742599693921335,
 23.742599693921335,
 23.742599693921335,
 23.742599693921335,
 23.742599693921335,
 27.992599693921335,
 27.992599693921335,
 27.992599693921335,
 27.992599693921335,
 27.992599693921335,
 27.992599693921335,
 27.992599693921335,
 27.992599693921335,
 27.992599693921335,
 27.992599693921335,
 27.992599693921335,
 27.992599693921335,
 27.992599693921335,
 27.992599693921335,
 27.992599693921335,
 27.992599693921335,
 27.992599693921335,
 27.992599693921335,
 27.992599693921335,
 27.992599693921335,
 27.992599693921335,
 27.992599693921335,
 27.992599693921335,
 32.242599693921335,
 32.242599693921335,
 32.242599693921335,
 32.242599693921335,
 32.242599693921335,
 32.242599693921335,
 36.492599693921335,
 36.492599693921335,
 36.492599693921335,
 36.492599693921335,
 36.492599693921335,
 36.492599693921335,
 36.492599693921335,
 40.742599693921335,
 40.742599693921335,
 40.742599693921335,
 40.742599693921335,
 40.742599693921335,
 40.742599693921335,
 40.742599693921335,
 40.742599693921335,
 40.742599693921335,
 40.742599693921335,
 40.742599693921335,
 40.742599693921335]