actions:
[('init', None, 100),
 ('driveForward', 100, 150),
 ('driveForward', 100, 150),
 ('driveForward', 100, 150),
 ('driveForward', 100, 150),
 ('driveForward', 100, 150),
 ('driveForward', 100, 150),
 ('turnLeft', 100, 50),
 ('driveForward', 100, 150),
 ('driveForward', 100, 150),
 ('driveForward', 100, 150),
 ('turnLeft', 100, 50),
 ('driveForward', 100, 150),
 ('turnLeft', 100, 50),
 ('driveForward', 100, 150),
 ('driveForward', 100, 150),
 ('driveForward', 100, 150),
 ('driveForward', 100, 150),
 ('driveForward', 100, 150),
 ('turnLeft', 100, 50),
 ('driveForward', 100, 150),
 ('driveForward', 100, 150),
 ('driveForward', 100, 150),
 ('turnLeft', 100, 50),
 ('driveForward', 100, 150),
 ('driveForward', 100, 150),
 ('driveForward', 100, 150),
 ('driveForward', 100, 150),
 ('turnLeft', 100, 50),
 ('driveForward', 100, 150),
 ('driveForward', 100, 150),
 ('driveForward', 100, 150),
 ('driveForward', 100, 150),
 ('driveForward', 100, 150),
 ('driveForward', 100, 150),
 ('driveForward', 100, 150),
 ('driveForward', 100, 150),
 ('driveForward', 100, 150),
 ('turnRight', 100, 50),
 ('driveForward', 100, 150),
 ('turnRight', 100, 50),
 ('driveForward', 100, 150),
 ('driveForward', 100, 150),
 ('driveForward', 100, 150),
 ('turnRight', 100, 50),
 ('driveForward', 100, 150),
 ('driveForward', 100, 150),
 ('driveForward', 100, 150),
 ('driveForward', 100, 150),
 ('turnRight', 100, 50),
 ('driveForward', 100, 150),
 ('turnRight', 100, 50),
 ('driveForward', 100, 150),
 ('driveForward', 100, 150),
 ('driveForward', 100, 150),
 ('driveForward', 100, 150)]

positions:
[(100, 358),
 (132.38529341142458, 363.8532786244923),
 (164.77058682284917, 369.7065572489846),
 (197.15588023427375, 375.5598358734769),
 (229.54117364569834, 381.4131144979692),
 (261.9264670571229, 387.2663931224615),
 (294.3117604685475, 393.1196717469538),
 (294.3117604685475, 393.1196717469538),
 (327.041777959146, 396.55682973941197),
 (359.77179544974445, 399.9939877318701),
 (392.5018129403429, 403.43114572432825),
 (392.5018129403429, 403.43114572432825),
 (425.39655153053576, 404.43327998822605),
 (425.39655153053576, 404.43327998822605),
 (458.2751023356753, 402.99487915610115),
 (491.1536531408148, 401.55647832397625),
 (524.0322039459544, 400.11807749185135),
 (556.9107547510939, 398.67967665972645),
 (589.7893055562334, 397.24127582760156),
 (589.7893055562334, 397.24127582760156),
 (622.4708487184971, 393.3702505715361),
 (655.1523918807608, 389.4992253154706),
 (687.8339350430244, 385.6282000594051),
 (687.8339350430244, 385.6282000594051),
 (720.1387341736935, 379.3458395852579),
 (752.4435333043625, 373.0634791111107),
 (784.7483324350316, 366.7811186369635),
 (817.0531315657006, 360.49875816281633),
 (817.0531315657006, 360.49875816281633),
 (848.8035222287597, 351.8396131274718),
 (880.5539128918188, 343.1804680921273),
 (912.3043035548778, 334.52132305678276),
 (944.0546942179369, 325.86217802143824),
 (975.805084880996, 317.2030329860937),
 (1007.5554755440551, 308.5438879507492),
 (1039.3058662071141, 299.8847429154047),
 (1071.0562568701732, 291.22559788006015),
 (1102.8066475332323, 282.5664528447156),
 (1102.8066475332323, 282.5664528447156),
 (1135.1114466639012, 276.28409237056843),
 (1135.1114466639012, 276.28409237056843),
 (1167.792989826165, 272.41306711450295),
 (1200.4745329884286, 268.54204185843747),
 (1233.1560761506921, 264.671016602372),
 (1233.1560761506921, 264.671016602372),
 (1266.0346269558318, 263.2326157702471),
 (1298.9131777609714, 261.7942149381222),
 (1331.791728566111, 260.3558141059973),
 (1364.6702793712507, 258.9174132738724),
 (1364.6702793712507, 258.9174132738724),
 (1397.5650179614436, 259.9195475377702),
 (1397.5650179614436, 259.9195475377702),
 (1430.295035452042, 263.35670553022834),
 (1463.0250529426403, 266.7938635226865),
 (1495.7550704332386, 270.2310215151446),
 (1528.485087923837, 273.66817950760276)]

orientations:
[10.244969340585191,
 10.244969340585191,
 10.244969340585191,
 10.244969340585191,
 10.244969340585191,
 10.244969340585191,
 10.244969340585191,
 5.9949693405851905,
 5.9949693405851905,
 5.9949693405851905,
 5.9949693405851905,
 1.7449693405851896,
 1.7449693405851896,
 -2.5050306594148113,
 -2.5050306594148113,
 -2.5050306594148113,
 -2.5050306594148113,
 -2.5050306594148113,
 -2.5050306594148113,
 -6.755030659414812,
 -6.755030659414812,
 -6.755030659414812,
 -6.755030659414812,
 -11.005030659414814,
 -11.005030659414814,
 -11.005030659414814,
 -11.005030659414814,
 -11.005030659414814,
 -15.255030659414814,
 -15.255030659414814,
 -15.255030659414814,
 -15.255030659414814,
 -15.255030659414814,
 -15.255030659414814,
 -15.255030659414814,
 -15.255030659414814,
 -15.255030659414814,
 -15.255030659414814,
 -11.005030659414814,
 -11.005030659414814,
 -6.755030659414813,
 -6.755030659414813,
 -6.755030659414813,
 -6.755030659414813,
 -2.505030659414812,
 -2.505030659414812,
 -2.505030659414812,
 -2.505030659414812,
 -2.505030659414812,
 1.7449693405851887,
 1.7449693405851887,
 5.99496934058519,
 5.99496934058519,
 5.99496934058519,
 5.99496934058519,
 5.99496934058519]