actions:
[('init', None, 100),
 ('turnLeft', 100, 50),
 ('turnLeft', 100, 50),
 ('turnLeft', 100, 50),
 ('turnLeft', 100, 50),
 ('turnLeft', 100, 50),
 ('driveForward', 100, 150),
 ('turnLeft', 100, 50),
 ('driveForward', 100, 150),
 ('turnLeft', 100, 50),
 ('turnLeft', 100, 50),
 ('turnLeft', 100, 50),
 ('driveForward', 100, 150),
 ('driveForward', 100, 150),
 ('turnLeft', 100, 50),
 ('turnLeft', 100, 50),
 ('turnLeft', 100, 50),
 ('turnLeft', 100, 50),
 ('driveForward', 100, 150),
 ('driveForward', 100, 150),
 ('driveForward', 100, 150),
 ('turnLeft', 100, 50),
 ('turnLeft', 100, 50),
 ('turnLeft', 100, 50),
 ('turnLeft', 100, 50),
 ('turnLeft', 100, 50),
 ('driveForward', 100, 150),
 ('driveForward', 100, 150),
 ('turnRight', 100, 50),
 ('driveForward', 100, 150),
 ('turnRight', 100, 50),
 ('driveForward', 100, 150),
 ('driveForward', 100, 150),
 ('driveForward', 100, 150),
 ('driveForward', 100, 150),
 ('turnLeft', 100, 50),
 ('driveForward', 100, 150),
 ('driveForward', 100, 150),
 ('driveForward', 100, 150),
 ('driveForward', 100, 150),
 ('driveForward', 100, 150),
 ('driveForward', 100, 150),
 ('driveForward', 100, 150),
 ('driveForward', 100, 150),
 ('driveForward', 100, 150),
 ('driveForward', 100, 150),
 ('driveForward', 100, 150),
 ('driveForward', 100, 150),
 ('driveForward', 100, 150),
 ('turnRight', 100, 50),
 ('driveForward', 100, 150),
 ('turnRight', 100, 50),
 ('driveForward', 100, 150),
 ('driveForward', 100, 150),
 ('driveForward', 100, 150),
 ('driveForward', 100, 150),
 ('driveForward', 100, 150),
 ('driveForward', 100, 150),
 ('driveForward', 100, 150),
 ('driveForward', 100, 150),
 ('driveForward', 100, 150),
 ('turnRight', 100, 50),
 ('driveForward', 100, 150),
 ('driveForward', 100, 150),
 ('driveForward', 100, 150),
 ('turnRight', 100, 50),
 ('driveForward', 100, 150),
 ('driveForward', 100, 150),
 ('driveForward', 100, 150),
 ('driveForward', 100, 150),
 ('turnRight', 100, 50),
 ('driveForward', 100, 150),
 ('driveForward', 100, 150),
 ('driveForward', 100, 150),
 ('driveForward', 100, 150)]

positions:
[(100, 911),
 (100, 911),
 (100, 911),
 (100, 911),
 (100, 911),
 (100, 911),
 (131.39667028498278, 920.8649477959125),
 (131.39667028498278, 920.8649477959125),
 (163.4380819252009, 928.3760089794002),
 (163.4380819252009, 928.3760089794002),
 (163.4380819252009, 928.3760089794002),
 (163.4380819252009, 928.3760089794002),
 (196.34709864422499, 928.6304074601204),
 (229.25611536324908, 928.8848059408406),
 (229.25611536324908, 928.8848059408406),
 (229.25611536324908, 928.8848059408406),
 (229.25611536324908, 928.8848059408406),
 (229.25611536324908, 928.8848059408406),
 (260.8015434832059, 919.5064230989728),
 (292.3469716031627, 910.1280402571051),
 (323.89239972311947, 900.7496574152374),
 (323.89239972311947, 900.7496574152374),
 (323.89239972311947, 900.7496574152374),
 (323.89239972311947, 900.7496574152374),
 (323.89239972311947, 900.7496574152374),
 (323.89239972311947, 900.7496574152374),
 (349.893904291334, 880.5756677208533),
 (375.8954088595486, 860.4016780264692),
 (375.8954088595486, 860.4016780264692),
 (403.32047802053404, 842.2100953159087),
 (403.32047802053404, 842.2100953159087),
 (432.01828404663735, 826.1009665595747),
 (460.71609007274066, 809.9918378032406),
 (489.41389609884396, 793.8827090469066),
 (518.1117021249472, 777.7735802905726),
 (518.1117021249472, 777.7735802905726),
 (545.5367712859327, 759.5819975800121),
 (572.9618404469181, 741.3904148694515),
 (600.3869096079036, 723.198832158891),
 (627.811978768889, 705.0072494483305),
 (655.2370479298745, 686.81566673777),
 (682.66211709086, 668.6240840272095),
 (710.0871862518454, 650.432501316649),
 (737.5122554128309, 632.2409186060885),
 (764.9373245738163, 614.049335895528),
 (792.3623937348018, 595.8577531849675),
 (819.7874628957873, 577.666170474407),
 (847.2125320567727, 559.4745877638464),
 (874.6376012177582, 541.2830050532859),
 (874.6376012177582, 541.2830050532859),
 (903.3354072438615, 525.1738762969519),
 (903.3354072438615, 525.1738762969519),
 (933.1481228258374, 511.23579573942123),
 (962.9608384078133, 497.29771518189057),
 (992.7735539897892, 483.3596346243599),
 (1022.5862695717651, 469.42155406682923),
 (1052.398985153741, 455.48347350929856),
 (1082.211700735717, 441.5453929517679),
 (1112.0244163176928, 427.6073123942372),
 (1141.8371318996687, 413.66923183670656),
 (1171.6498474816447, 399.7311512791759),
 (1171.6498474816447, 399.7311512791759),
 (1202.413513720429, 388.040773203652),
 (1233.1771799592132, 376.3503951281281),
 (1263.9408461979974, 364.66001705260425),
 (1263.9408461979974, 364.66001705260425),
 (1295.4862743179542, 355.2816342107365),
 (1327.031702437911, 345.9032513688688),
 (1358.5771305578678, 336.52486852700105),
 (1390.1225586778246, 327.1464856851333),
 (1390.1225586778246, 327.1464856851333),
 (1422.2762605023793, 320.1316757106844),
 (1454.429962326934, 313.1168657362355),
 (1486.5836641514886, 306.10205576178663),
 (1518.7373659760433, 299.08724578733774)]

orientations:
[38.69290806526234,
 34.44290806526234,
 30.192908065262337,
 25.942908065262337,
 21.692908065262337,
 17.442908065262337,
 17.442908065262337,
 13.192908065262337,
 13.192908065262337,
 8.942908065262337,
 4.692908065262336,
 0.44290806526233517,
 0.44290806526233517,
 0.44290806526233517,
 -3.8070919347376657,
 -8.057091934737667,
 -12.307091934737667,
 -16.557091934737667,
 -16.557091934737667,
 -16.557091934737667,
 -16.557091934737667,
 -20.807091934737667,
 -25.057091934737667,
 -29.307091934737667,
 -33.55709193473767,
 -37.80709193473767,
 -37.80709193473767,
 -37.80709193473767,
 -33.55709193473767,
 -33.55709193473767,
 -29.30709193473767,
 -29.30709193473767,
 -29.30709193473767,
 -29.30709193473767,
 -29.30709193473767,
 -33.55709193473767,
 -33.55709193473767,
 -33.55709193473767,
 -33.55709193473767,
 -33.55709193473767,
 -33.55709193473767,
 -33.55709193473767,
 -33.55709193473767,
 -33.55709193473767,
 -33.55709193473767,
 -33.55709193473767,
 -33.55709193473767,
 -33.55709193473767,
 -33.55709193473767,
 -29.30709193473767,
 -29.30709193473767,
 -25.05709193473767,
 -25.05709193473767,
 -25.05709193473767,
 -25.05709193473767,
 -25.05709193473767,
 -25.05709193473767,
 -25.05709193473767,
 -25.05709193473767,
 -25.05709193473767,
 -25.05709193473767,
 -20.80709193473767,
 -20.80709193473767,
 -20.80709193473767,
 -20.80709193473767,
 -16.55709193473767,
 -16.55709193473767,
 -16.55709193473767,
 -16.55709193473767,
 -16.55709193473767,
 -12.30709193473767,
 -12.30709193473767,
 -12.30709193473767,
 -12.30709193473767,
 -12.30709193473767]