actions:
[('init', None, 100),
 ('driveForward', 100, 150),
 ('driveForward', 100, 150),
 ('driveForward', 100, 150),
 ('driveForward', 100, 150),
 ('driveForward', 100, 150),
 ('driveForward', 100, 150),
 ('driveForward', 100, 150),
 ('driveForward', 100, 150),
 ('driveForward', 100, 150),
 ('turnLeft', 100, 50),
 ('turnLeft', 100, 50),
 ('turnLeft', 100, 50),
 ('driveForward', 100, 150),
 ('driveForward', 100, 150),
 ('turnLeft', 100, 50),
 ('turnLeft', 100, 50),
 ('turnLeft', 100, 50),
 ('turnLeft', 100, 50),
 ('turnLeft', 100, 50),
 ('turnLeft', 100, 50),
 ('turnLeft', 100, 50),
 ('turnLeft', 100, 50),
 ('turnLeft', 100, 50),
 ('turnLeft', 100, 50),
 ('driveForward', 100, 150),
 ('turnLeft', 100, 50),
 ('turnLeft', 100, 50),
 ('turnLeft', 100, 50),
 ('turnLeft', 100, 50),
 ('turnLeft', 100, 50),
 ('turnLeft', 100, 50),
 ('turnLeft', 100, 50),
 ('driveForward', 100, 150),
 ('driveForward', 100, 150),
 ('turnLeft', 100, 50),
 ('turnLeft', 100, 50),
 ('turnLeft', 100, 50),
 ('turnLeft', 100, 50),
 ('turnLeft', 100, 50),
 ('turnLeft', 100, 50),
 ('turnLeft', 100, 50),
 ('driveForward', 100, 150),
 ('driveForward', 100, 150),
 ('driveForward', 100, 150),
 ('turnLeft', 100, 50),
 ('driveForward', 100, 150),
 ('turnLeft', 100, 50),
 ('driveForward', 100, 150),
 ('driveForward', 100, 150),
 ('driveForward', 100, 150),
 ('driveForward', 100, 150),
 ('turnRight', 100, 50),
 ('turnRight', 100, 50),
 ('driveForward', 100, 150),
 ('driveForward', 100, 150),
 ('turnRight', 100, 50),
 ('driveForward', 100, 150),
 ('turnRight', 100, 50),
 ('driveForward', 100, 150),
 ('turnRight', 100, 50),
 ('driveForward', 100, 150),
 ('turnRight', 100, 50),
 ('driveForward', 100, 150),
 ('driveForward', 100, 150),
 ('turnRight', 100, 50),
 ('driveForward', 100, 150),
 ('turnRight', 100, 50),
 ('driveForward', 100, 150),
 ('turnRight', 100, 50),
 ('driveForward', 100, 150),
 ('turnRight', 100, 50),
 ('driveForward', 100, 150),
 ('driveForward', 100, 150),
 ('turnRight', 100, 50),
 ('driveForward', 100, 150),
 ('turnRight', 100, 50),
 ('driveForward', 100, 150),
 ('driveForward', 100, 150),
 ('turnRight', 100, 50),
 ('driveForward', 100, 150),
 ('driveForward', 100, 150),
 ('turnRight', 100, 50),
 ('driveForward', 100, 150),
 ('driveForward', 100, 150),
 ('turnRight', 100, 50),
 ('driveForward', 100, 150),
 ('driveForward', 100, 150),
 ('driveForward', 100, 150),
 ('turnRight', 100, 50),
 ('driveForward', 100, 150),
 ('driveForward', 100, 150),
 ('driveForward', 100, 150),
 ('driveForward', 100, 150),
 ('turnRight', 100, 50),
 ('driveForward', 100, 150),
 ('driveForward', 100, 150),
 ('driveForward', 100, 150),
 ('driveForward', 100, 150),
 ('driveForward', 100, 150),
 ('turnRight', 100, 50),
 ('driveForward', 100, 150),
 ('driveForward', 100, 150),
 ('driveForward', 100, 150),
 ('driveForward', 100, 150),
 ('driveForward', 100, 150),
 ('driveForward', 100, 150),
 ('driveForward', 100, 150),
 ('turnRight', 100, 50),
 ('turnRight', 100, 50),
 ('turnLeft', 100, 50),
 ('turnLeft', 100, 50),
 ('turnLeft', 100, 50),
 ('turnLeft', 100, 50)]

positions:
[(100, 398),
 (100.5229971981836, 430.90584406956754),
 (101.0459943963672, 463.8116881391351),
 (101.56899159455081, 496.7175322087026),
 (102.09198879273441, 529.6233762782701),
 (102.61498599091802, 562.5292203478376),
 (103.13798318910162, 595.4350644174051),
 (103.66098038728522, 628.3409084869726),
 (104.18397758546882, 661.2467525565401),
 (104.70697478365243, 694.1525966261075),
 (104.70697478365243, 694.1525966261075),
 (104.70697478365243, 694.1525966261075),
 (104.70697478365243, 694.1525966261075),
 (112.4793114679193, 726.1316347990482),
 (120.25164815218618, 758.110672971989),
 (120.25164815218618, 758.110672971989),
 (120.25164815218618, 758.110672971989),
 (120.25164815218618, 758.110672971989),
 (120.25164815218618, 758.110672971989),
 (120.25164815218618, 758.110672971989),
 (120.25164815218618, 758.110672971989),
 (120.25164815218618, 758.110672971989),
 (120.25164815218618, 758.110672971989),
 (120.25164815218618, 758.110672971989),
 (120.25164815218618, 758.110672971989),
 (147.58674088216023, 776.4371785157012),
 (147.58674088216023, 776.4371785157012),
 (147.58674088216023, 776.4371785157012),
 (147.58674088216023, 776.4371785157012),
 (147.58674088216023, 776.4371785157012),
 (147.58674088216023, 776.4371785157012),
 (147.58674088216023, 776.4371785157012),
 (147.58674088216023, 776.4371785157012),
 (180.41295048975974, 778.7841047603757),
 (213.23916009735925, 781.1310310050502),
 (213.23916009735925, 781.1310310050502),
 (213.23916009735925, 781.1310310050502),
 (213.23916009735925, 781.1310310050502),
 (213.23916009735925, 781.1310310050502),
 (213.23916009735925, 781.1310310050502),
 (213.23916009735925, 781.1310310050502),
 (213.23916009735925, 781.1310310050502),
 (242.90341989836517, 766.8797226279775),
 (272.56767969937107, 752.6284142509047),
 (302.231939500377, 738.377105873832),
 (302.231939500377, 738.377105873832),
 (330.75848513063545, 721.9666124502697),
 (330.75848513063545, 721.9666124502697),
 (357.99043114967793, 703.4871856188997),
 (385.2223771687204, 685.0077587875297),
 (412.4543231877629, 666.5283319561597),
 (439.6862692068054, 648.0489051247897),
 (439.6862692068054, 648.0489051247897),
 (439.6862692068054, 648.0489051247897),
 (469.3505290078113, 633.797596747717),
 (499.01478880881723, 619.5462883706442),
 (499.01478880881723, 619.5462883706442),
 (529.6536203333435, 607.5325419603151),
 (529.6536203333435, 607.5325419603151),
 (561.0985213504691, 597.8224286745101),
 (561.0985213504691, 597.8224286745101),
 (593.17655654547, 590.469350541627),
 (593.17655654547, 590.469350541627),
 (625.7113086000293, 585.5137467692947),
 (658.2460606545885, 580.5581429969624),
 (658.2460606545885, 580.5581429969624),
 (691.0586004767378, 578.0272675713693),
 (691.0586004767378, 578.0272675713693),
 (723.9684712446236, 577.9350393704289),
 (723.9684712446236, 577.9350393704289),
 (756.7946808522231, 580.2819656151033),
 (756.7946808522231, 580.2819656151033),
 (789.3566972989235, 585.0551390798767),
 (821.9187137456238, 589.82831254465),
 (821.9187137456238, 589.82831254465),
 (854.0374579953931, 597.0014825424898),
 (854.0374579953931, 597.0014825424898),
 (885.5362888451838, 606.5351992939082),
 (917.0351196949745, 616.0689160453267),
 (917.0351196949745, 616.0689160453267),
 (947.7408052359474, 627.9107476375631),
 (978.4464907769203, 639.7525792297995),
 (978.4464907769203, 639.7525792297995),
 (1008.1901611058133, 653.8373999729304),
 (1037.9338314347062, 667.9222207160612),
 (1037.9338314347062, 667.9222207160612),
 (1066.5519073757866, 684.1725693101855),
 (1095.169983316867, 700.4229179043098),
 (1123.7880592579475, 716.673266498434),
 (1123.7880592579475, 716.673266498434),
 (1151.1231519879216, 734.9997720421463),
 (1178.4582447178957, 753.3262775858586),
 (1205.7933374478698, 771.6527831295709),
 (1233.128430177844, 789.9792886732832),
 (1233.128430177844, 789.9792886732832),
 (1259.03020680612, 810.2811621705467),
 (1284.9319834343962, 830.5830356678102),
 (1310.8337600626724, 850.8849091650737),
 (1336.7355366909485, 871.1867826623372),
 (1362.6373133192246, 891.4886561596007),
 (1362.6373133192246, 891.4886561596007),
 (1386.9633236631582, 913.6542448219132),
 (1411.2893340070918, 935.8198334842256),
 (1435.6153443510254, 957.985422146538),
 (1459.941354694959, 980.1510108088504),
 (1484.2673650388926, 1002.3165994711628),
 (1508.5933753828263, 1024.4821881334751),
 (1532.9193857267599, 1046.6477767957874),
 (1532.9193857267599, 1046.6477767957874),
 (1532.9193857267599, 1046.6477767957874),
 (1532.9193857267599, 1046.6477767957874),
 (1532.9193857267599, 1046.6477767957874),
 (1532.9193857267599, 1046.6477767957874),
 (1532.9193857267599, 1046.6477767957874)]

orientations:
[89.08943197864404,
 89.08943197864404,
 89.08943197864404,
 89.08943197864404,
 89.08943197864404,
 89.08943197864404,
 89.08943197864404,
 89.08943197864404,
 89.08943197864404,
 89.08943197864404,
 84.83943197864404,
 80.58943197864404,
 76.33943197864404,
 76.33943197864404,
 76.33943197864404,
 72.08943197864404,
 67.83943197864404,
 63.58943197864404,
 59.33943197864404,
 55.08943197864404,
 50.83943197864404,
 46.58943197864404,
 42.33943197864404,
 38.08943197864404,
 33.83943197864404,
 33.83943197864404,
 29.589431978644043,
 25.339431978644043,
 21.089431978644043,
 16.839431978644043,
 12.589431978644043,
 8.339431978644043,
 4.0894319786440425,
 4.0894319786440425,
 4.0894319786440425,
 -0.16056802135595838,
 -4.410568021355959,
 -8.66056802135596,
 -12.91056802135596,
 -17.16056802135596,
 -21.41056802135596,
 -25.66056802135596,
 -25.66056802135596,
 -25.66056802135596,
 -25.66056802135596,
 -29.91056802135596,
 -29.91056802135596,
 -34.160568021355964,
 -34.160568021355964,
 -34.160568021355964,
 -34.160568021355964,
 -34.160568021355964,
 -29.910568021355964,
 -25.660568021355964,
 -25.660568021355964,
 -25.660568021355964,
 -21.410568021355964,
 -21.410568021355964,
 -17.160568021355964,
 -17.160568021355964,
 -12.910568021355964,
 -12.910568021355964,
 -8.660568021355964,
 -8.660568021355964,
 -8.660568021355964,
 -4.410568021355963,
 -4.410568021355963,
 -0.16056802135596193,
 -0.16056802135596193,
 4.089431978644039,
 4.089431978644039,
 8.33943197864404,
 8.33943197864404,
 8.33943197864404,
 12.58943197864404,
 12.58943197864404,
 16.83943197864404,
 16.83943197864404,
 16.83943197864404,
 21.08943197864404,
 21.08943197864404,
 21.08943197864404,
 25.33943197864404,
 25.33943197864404,
 25.33943197864404,
 29.58943197864404,
 29.58943197864404,
 29.58943197864404,
 29.58943197864404,
 33.83943197864404,
 33.83943197864404,
 33.83943197864404,
 33.83943197864404,
 33.83943197864404,
 38.08943197864404,
 38.08943197864404,
 38.08943197864404,
 38.08943197864404,
 38.08943197864404,
 38.08943197864404,
 42.33943197864404,
 42.33943197864404,
 42.33943197864404,
 42.33943197864404,
 42.33943197864404,
 42.33943197864404,
 42.33943197864404,
 42.33943197864404,
 46.58943197864404,
 50.83943197864404,
 46.58943197864404,
 42.33943197864404,
 38.08943197864404,
 33.83943197864404]