actions:
[('init', None, 100),
 ('turnLeft', 100, 50),
 ('driveForward', 100, 150),
 ('turnLeft', 100, 50),
 ('turnLeft', 100, 50),
 ('turnLeft', 100, 50),
 ('driveForward', 100, 150),
 ('driveForward', 100, 150),
 ('turnLeft', 100, 50),
 ('turnLeft', 100, 50),
 ('turnLeft', 100, 50),
 ('turnLeft', 100, 50),
 ('turnLeft', 100, 50),
 ('driveForward', 100, 150),
 ('turnLeft', 100, 50),
 ('driveForward', 100, 150),
 ('turnLeft', 100, 50),
 ('driveForward', 100, 150),
 ('turnLeft', 100, 50),
 ('turnLeft', 100, 50),
 ('turnLeft', 100, 50),
 ('driveForward', 100, 150),
 ('driveForward', 100, 150),
 ('driveForward', 100, 150),
 ('turnLeft', 100, 50),
 ('driveForward', 100, 150),
 ('turnLeft', 100, 50),
 ('driveForward', 100, 150),
 ('driveForward', 100, 150),
 ('driveForward', 100, 150),
 ('turnLeft', 100, 50),
 ('driveForward', 100, 150),
 ('driveForward', 100, 150),
 ('driveForward', 100, 150),
 ('driveForward', 100, 150),
 ('driveForward', 100, 150),
 ('turnLeft', 100, 50),
 ('driveForward', 100, 150),
 ('driveForward', 100, 150),
 ('driveForward', 100, 150),
 ('driveForward', 100, 150),
 ('driveForward', 100, 150),
 ('driveForward', 100, 150),
 ('driveForward', 100, 150),
 ('driveForward', 100, 150),
 ('turnLeft', 100, 50),
 ('driveForward', 100, 150),
 ('driveForward', 100, 150),
 ('driveForward', 100, 150),
 ('driveForward', 100, 150),
 ('driveForward', 100, 150),
 ('driveForward', 100, 150),
 ('turnLeft', 100, 50),
 ('driveForward', 100, 150),
 ('driveForward', 100, 150),
 ('driveForward', 100, 150),
 ('driveForward', 100, 150),
 ('turnLeft', 100, 50),
 ('driveForward', 100, 150),
 ('driveForward', 100, 150),
 ('driveForward', 100, 150),
 ('turnLeft', 100, 50),
 ('driveForward', 100, 150),
 ('driveForward', 100, 150),
 ('driveForward', 100, 150),
 ('turnLeft', 100, 50),
 ('driveForward', 100, 150),
 ('turnLeft', 100, 50),
 ('driveForward', 100, 150),
 ('turnLeft', 100, 50),
 ('driveForward', 100, 150),
 ('turnLeft', 100, 50),
 ('driveForward', 100, 150),
 ('turnLeft', 100, 50),
 ('driveForward', 100, 150),
 ('turnLeft', 100, 50),
 ('driveForward', 100, 150)]

positions:
[(100, 728),
 (100, 728),
 (107.03694450038603, 760.1488648648516),
 (107.03694450038603, 760.1488648648516),
 (107.03694450038603, 760.1488648648516),
 (107.03694450038603, 760.1488648648516),
 (120.99554629320775, 789.9519777222266),
 (134.95414808602948, 819.7550905796016),
 (134.95414808602948, 819.7550905796016),
 (134.95414808602948, 819.7550905796016),
 (134.95414808602948, 819.7550905796016),
 (134.95414808602948, 819.7550905796016),
 (134.95414808602948, 819.7550905796016),
 (158.76545655989906, 842.4726980408249),
 (158.76545655989906, 842.4726980408249),
 (184.19485593272947, 863.3632161659718),
 (184.19485593272947, 863.3632161659718),
 (211.10249392190758, 882.3117548390024),
 (211.10249392190758, 882.3117548390024),
 (211.10249392190758, 882.3117548390024),
 (211.10249392190758, 882.3117548390024),
 (241.52854588021916, 894.8546198319027),
 (271.95459783853073, 907.397484824803),
 (302.3806497968423, 919.9403498177032),
 (302.3806497968423, 919.9403498177032),
 (333.65256853146366, 930.1938954803137),
 (333.65256853146366, 930.1938954803137),
 (365.59837006618653, 938.101731107342),
 (397.5441716009094, 946.0095667343702),
 (429.4899731356323, 953.9174023613984),
 (429.4899731356323, 953.9174023613984),
 (461.93396738831854, 959.4360377843685),
 (494.3779616410048, 964.9546732073386),
 (526.8219558936911, 970.4733086303087),
 (559.2659501463773, 975.9919440532788),
 (591.7099443990636, 981.5105794762488),
 (591.7099443990636, 981.5105794762488),
 (624.4737014120568, 984.6096642433275),
 (657.23745842505, 987.7087490104062),
 (690.0012154380432, 990.8078337774849),
 (722.7649724510364, 993.9069185445636),
 (755.5287294640297, 997.0060033116423),
 (788.2924864770229, 1000.105088078721),
 (821.0562434900161, 1003.2041728457997),
 (853.8200005030093, 1006.3032576128784),
 (853.8200005030093, 1006.3032576128784),
 (886.7233317418471, 1006.9657479051248),
 (919.626662980685, 1007.6282381973712),
 (952.5299942195228, 1008.2907284896175),
 (985.4333254583606, 1008.9532187818639),
 (1018.3366566971985, 1009.6157090741103),
 (1051.2399879360362, 1010.2781993663567),
 (1051.2399879360362, 1010.2781993663567),
 (1084.1019372596843, 1008.5004517324166),
 (1116.9638865833324, 1006.7227040984766),
 (1149.8258359069805, 1004.9449564645365),
 (1182.6877852306286, 1003.1672088305965),
 (1182.6877852306286, 1003.1672088305965),
 (1215.327624083267, 998.9590002243363),
 (1247.9674629359054, 994.750791618076),
 (1280.6073017885437, 990.5425830118159),
 (1280.6073017885437, 990.5425830118159),
 (1312.8455231397174, 983.9270570226954),
 (1345.0837444908911, 977.311531033575),
 (1377.3219658420649, 970.6960050444545),
 (1377.3219658420649, 970.6960050444545),
 (1408.981271408899, 961.7095446163532),
 (1408.981271408899, 961.7095446163532),
 (1439.8875467310181, 950.4015719548471),
 (1439.8875467310181, 950.4015719548471),
 (1469.870818735622, 936.8342767233746),
 (1469.870818735622, 936.8342767233746),
 (1498.7661905264617, 921.0822740231101),
 (1498.7661905264617, 921.0822740231101),
 (1526.4147482557248, 903.2321940375299),
 (1526.4147482557248, 903.2321940375299),
 (1552.6644350913677, 883.3822055984733)]

orientations:
[81.90346283211154,
 77.65346283211154,
 77.65346283211154,
 73.40346283211154,
 69.15346283211154,
 64.90346283211154,
 64.90346283211154,
 64.90346283211154,
 60.65346283211154,
 56.40346283211154,
 52.15346283211154,
 47.90346283211154,
 43.65346283211154,
 43.65346283211154,
 39.40346283211154,
 39.40346283211154,
 35.15346283211154,
 35.15346283211154,
 30.903462832111543,
 26.653462832111543,
 22.403462832111543,
 22.403462832111543,
 22.403462832111543,
 22.403462832111543,
 18.153462832111543,
 18.153462832111543,
 13.903462832111543,
 13.903462832111543,
 13.903462832111543,
 13.903462832111543,
 9.653462832111543,
 9.653462832111543,
 9.653462832111543,
 9.653462832111543,
 9.653462832111543,
 9.653462832111543,
 5.4034628321115425,
 5.4034628321115425,
 5.4034628321115425,
 5.4034628321115425,
 5.4034628321115425,
 5.4034628321115425,
 5.4034628321115425,
 5.4034628321115425,
 5.4034628321115425,
 1.1534628321115417,
 1.1534628321115417,
 1.1534628321115417,
 1.1534628321115417,
 1.1534628321115417,
 1.1534628321115417,
 1.1534628321115417,
 -3.0965371678884592,
 -3.0965371678884592,
 -3.0965371678884592,
 -3.0965371678884592,
 -3.0965371678884592,
 -7.34653716788846,
 -7.34653716788846,
 -7.34653716788846,
 -7.34653716788846,
 -11.59653716788846,
 -11.59653716788846,
 -11.59653716788846,
 -11.59653716788846,
 -15.84653716788846,
 -15.84653716788846,
 -20.09653716788846,
 -20.09653716788846,
 -24.34653716788846,
 -24.34653716788846,
 -28.59653716788846,
 -28.59653716788846,
 -32.846537167888464,
 -32.846537167888464,
 -37.096537167888464,
 -37.096537167888464]