actions:
[('init', None, 100),
 ('driveForward', 100, 150),
 ('driveForward', 100, 150),
 ('turnRight', 100, 50),
 ('driveForward', 100, 150),
 ('driveForward', 100, 150),
 ('driveForward', 100, 150),
 ('driveForward', 100, 150),
 ('driveForward', 100, 150),
 ('turnRight', 100, 50),
 ('driveForward', 100, 150),
 ('driveForward', 100, 150),
 ('driveForward', 100, 150),
 ('driveForward', 100, 150),
 ('driveForward', 100, 150),
 ('driveForward', 100, 150),
 ('turnRight', 100, 50),
 ('driveForward', 100, 150),
 ('turnRight', 100, 50),
 ('driveForward', 100, 150),
 ('driveForward', 100, 150),
 ('driveForward', 100, 150),
 ('driveForward', 100, 150),
 ('driveForward', 100, 150),
 ('driveForward', 100, 150),
 ('driveForward', 100, 150),
 ('driveForward', 100, 150),
 ('driveForward', 100, 150),
 ('driveForward', 100, 150),
 ('driveForward', 100, 150),
 ('driveForward', 100, 150),
 ('driveForward', 100, 150),
 ('driveForward', 100, 150),
 ('driveForward', 100, 150),
 ('driveForward', 100, 150),
 ('driveForward', 100, 150),
 ('driveForward', 100, 150),
 ('driveForward', 100, 150),
 ('driveForward', 100, 150),
 ('driveForward', 100, 150),
 ('driveForward', 100, 150),
 ('turnLeft', 100, 50),
 ('driveForward', 100, 150),
 ('turnLeft', 100, 50),
 ('driveForward', 100, 150),
 ('turnLeft', 100, 50),
 ('driveForward', 100, 150),
 ('turnLeft', 100, 50),
 ('driveForward', 100, 150),
 ('turnLeft', 100, 50),
 ('driveForward', 100, 150),
 ('turnLeft', 100, 50),
 ('turnLeft', 100, 50),
 ('turnLeft', 100, 50),
 ('turnLeft', 100, 50),
 ('driveForward', 100, 150),
 ('driveForward', 100, 150),
 ('turnRight', 100, 50),
 ('turnLeft', 100, 50),
 ('driveForward', 100, 150),
 ('turnLeft', 100, 50),
 ('turnLeft', 100, 50),
 ('turnLeft', 100, 50),
 ('driveForward', 100, 150),
 ('driveForward', 100, 150),
 ('driveForward', 100, 150)]

positions:
[(100, 956),
 (131.27914033726444, 945.7685054971565),
 (162.55828067452887, 935.537010994313),
 (162.55828067452887, 935.537010994313),
 (194.50964977566687, 927.6517010725127),
 (226.46101887680487, 919.7663911507123),
 (258.4123879779429, 911.8810812289119),
 (290.3637570790809, 903.9957713071115),
 (322.31512618021895, 896.110461385311),
 (322.31512618021895, 896.110461385311),
 (354.76300334353823, 890.6147023299901),
 (387.2108805068575, 885.1189432746692),
 (419.6587576701768, 879.6231842193482),
 (452.10663483349606, 874.1274251640273),
 (484.55451199681534, 868.6316661087063),
 (517.0023891601346, 863.1359070533854),
 (517.0023891601346, 863.1359070533854),
 (549.7683230734077, 860.0599235048237),
 (549.7683230734077, 860.0599235048237),
 (582.6721132300265, 859.4206322338125),
 (615.5759033866455, 858.7813409628013),
 (648.4796935432644, 858.1420496917901),
 (681.3834836998833, 857.502758420779),
 (714.2872738565022, 856.8634671497678),
 (747.1910640131211, 856.2241758787566),
 (780.0948541697401, 855.5848846077454),
 (812.998644326359, 854.9455933367342),
 (845.9024344829779, 854.306302065723),
 (878.8062246395968, 853.6670107947118),
 (911.7100147962158, 853.0277195237006),
 (944.6138049528347, 852.3884282526894),
 (977.5175951094536, 851.7491369816782),
 (1010.4213852660725, 851.1098457106671),
 (1043.3251754226915, 850.4705544396559),
 (1076.2289655793104, 849.8312631686447),
 (1109.1327557359293, 849.1919718976335),
 (1142.0365458925482, 848.5526806266223),
 (1174.9403360491672, 847.9133893556111),
 (1207.844126205786, 847.2740980845999),
 (1240.747916362405, 846.6348068135887),
 (1273.651706519024, 845.9955155425776),
 (1273.651706519024, 845.9955155425776),
 (1306.417640432297, 842.9195319940159),
 (1306.417640432297, 842.9195319940159),
 (1338.8655175956164, 837.4237729386949),
 (1338.8655175956164, 837.4237729386949),
 (1370.8168866967544, 829.5384630168945),
 (1370.8168866967544, 829.5384630168945),
 (1402.0960270340188, 819.306968514051),
 (1402.0960270340188, 819.306968514051),
 (1432.5309149150603, 806.7855588622413),
 (1432.5309149150603, 806.7855588622413),
 (1432.5309149150603, 806.7855588622413),
 (1432.5309149150603, 806.7855588622413),
 (1432.5309149150603, 806.7855588622413),
 (1457.9750370574707, 785.9129752080287),
 (1483.419159199881, 765.0403915538161),
 (1483.419159199881, 765.0403915538161),
 (1483.419159199881, 765.0403915538161),
 (1508.8632813422914, 744.1678078996035),
 (1508.8632813422914, 744.1678078996035),
 (1508.8632813422914, 744.1678078996035),
 (1508.8632813422914, 744.1678078996035),
 (1529.0734848012155, 718.194441230092),
 (1549.2836882601396, 692.2210745605805),
 (1569.4938917190636, 666.247707891069)]

orientations:
[-18.113065807523288,
 -18.113065807523288,
 -18.113065807523288,
 -13.863065807523288,
 -13.863065807523288,
 -13.863065807523288,
 -13.863065807523288,
 -13.863065807523288,
 -13.863065807523288,
 -9.613065807523288,
 -9.613065807523288,
 -9.613065807523288,
 -9.613065807523288,
 -9.613065807523288,
 -9.613065807523288,
 -9.613065807523288,
 -5.363065807523287,
 -5.363065807523287,
 -1.1130658075232862,
 -1.1130658075232862,
 -1.1130658075232862,
 -1.1130658075232862,
 -1.1130658075232862,
 -1.1130658075232862,
 -1.1130658075232862,
 -1.1130658075232862,
 -1.1130658075232862,
 -1.1130658075232862,
 -1.1130658075232862,
 -1.1130658075232862,
 -1.1130658075232862,
 -1.1130658075232862,
 -1.1130658075232862,
 -1.1130658075232862,
 -1.1130658075232862,
 -1.1130658075232862,
 -1.1130658075232862,
 -1.1130658075232862,
 -1.1130658075232862,
 -1.1130658075232862,
 -1.1130658075232862,
 -5.363065807523287,
 -5.363065807523287,
 -9.613065807523288,
 -9.613065807523288,
 -13.863065807523288,
 -13.863065807523288,
 -18.113065807523288,
 -18.113065807523288,
 -22.363065807523288,
 -22.363065807523288,
 -26.613065807523288,
 -30.863065807523288,
 -35.11306580752329,
 -39.36306580752329,
 -39.36306580752329,
 -39.36306580752329,
 -35.11306580752329,
 -39.36306580752329,
 -39.36306580752329,
 -43.61306580752329,
 -47.86306580752329,
 -52.11306580752329,
 -52.11306580752329,
 -52.11306580752329,
 -52.11306580752329]