actions:
[('init', None, 100),
 ('turnRight', 100, 50),
 ('driveForward', 100, 150),
 ('turnRight', 100, 50),
 ('turnRight', 100, 50),
 ('driveForward', 100, 150),
 ('turnRight', 100, 50),
 ('turnRight', 100, 50),
 ('turnRight', 100, 50),
 ('driveForward', 100, 150),
 ('turnRight', 100, 50),
 ('turnRight', 100, 50),
 ('turnLeft', 100, 50),
 ('turnRight', 100, 50),
 ('driveForward', 100, 150),
 ('turnRight', 100, 50),
 ('turnRight', 100, 50),
 ('driveForward', 100, 150),
 ('turnRight', 100, 50),
 ('turnRight', 100, 50),
 ('driveForward', 100, 150),
 ('turnRight', 100, 50),
 ('turnRight', 100, 50),
 ('turnRight', 100, 50),
 ('driveForward', 100, 150),
 ('turnRight', 100, 50),
 ('turnRight', 100, 50),
 ('driveForward', 100, 150),
 ('turnRight', 100, 50),
 ('turnRight', 100, 50),
 ('driveForward', 100, 150),
 ('turnRight', 100, 50),
 ('driveForward', 100, 150),
 ('driveForward', 100, 150),
 ('turnRight', 100, 50),
 ('driveForward', 100, 150),
 ('turnRight', 100, 50),
 ('driveForward', 100, 150),
 ('driveForward', 100, 150),
 ('driveForward', 100, 150),
 ('turnRight', 100, 50),
 ('driveForward', 100, 150),
 ('driveForward', 100, 150),
 ('driveForward', 100, 150),
 ('driveForward', 100, 150),
 ('driveForward', 100, 150),
 ('driveForward', 100, 150),
 ('driveForward', 100, 150),
 ('driveForward', 100, 150),
 ('turnLeft', 100, 50),
 ('driveForward', 100, 150),
 ('driveForward', 100, 150),
 ('turnLeft', 100, 50),
 ('driveForward', 100, 150),
 ('turnLeft', 100, 50),
 ('driveForward', 100, 150),
 ('turnLeft', 100, 50),
 ('driveForward', 100, 150),
 ('driveForward', 100, 150),
 ('turnLeft', 100, 50),
 ('driveForward', 100, 150),
 ('turnLeft', 100, 50),
 ('turnLeft', 100, 50),
 ('turnLeft', 100, 50),
 ('turnLeft', 100, 50),
 ('driveForward', 100, 150),
 ('driveForward', 100, 150),
 ('driveForward', 100, 150),
 ('turnRight', 100, 50),
 ('turnLeft', 100, 50),
 ('driveForward', 100, 150),
 ('turnLeft', 100, 50),
 ('driveForward', 100, 150),
 ('turnLeft', 100, 50),
 ('turnLeft', 100, 50),
 ('turnLeft', 100, 50),
 ('turnLeft', 100, 50),
 ('driveForward', 100, 150),
 ('driveForward', 100, 150),
 ('turnRight', 100, 50),
 ('driveForward', 100, 150),
 ('driveForward', 100, 150),
 ('turnLeft', 100, 50),
 ('turnLeft', 100, 50),
 ('turnLeft', 100, 50),
 ('turnLeft', 100, 50),
 ('turnLeft', 100, 50),
 ('driveForward', 100, 150),
 ('driveForward', 100, 150),
 ('driveForward', 100, 150),
 ('driveForward', 100, 150),
 ('turnLeft', 100, 50),
 ('turnLeft', 100, 50),
 ('turnLeft', 100, 50),
 ('turnLeft', 100, 50),
 ('turnLeft', 100, 50),
 ('driveForward', 100, 150),
 ('driveForward', 100, 150),
 ('driveForward', 100, 150),
 ('driveForward', 100, 150),
 ('driveForward', 100, 150),
 ('driveForward', 100, 150),
 ('turnRight', 100, 50),
 ('driveForward', 100, 150),
 ('driveForward', 100, 150),
 ('turnLeft', 100, 50),
 ('turnLeft', 100, 50),
 ('turnLeft', 100, 50),
 ('turnLeft', 100, 50),
 ('driveForward', 100, 150),
 ('turnRight', 100, 50),
 ('turnRight', 100, 50),
 ('driveForward', 100, 150),
 ('turnLeft', 100, 50),
 ('driveForward', 100, 150),
 ('turnLeft', 100, 50),
 ('driveForward', 100, 150),
 ('driveForward', 100, 150),
 ('driveForward', 100, 150),
 ('driveForward', 100, 150),
 ('turnLeft', 100, 50),
 ('driveForward', 100, 150)]

positions:
[(100, 481),
 (100, 481),
 (121.94032197975909, 456.47062227808254),
 (121.94032197975909, 456.47062227808254),
 (121.94032197975909, 456.47062227808254),
 (147.26532134146137, 435.453664664532),
 (147.26532134146137, 435.453664664532),
 (147.26532134146137, 435.453664664532),
 (147.26532134146137, 435.453664664532),
 (176.6042536230469, 420.5440988567515),
 (176.6042536230469, 420.5440988567515),
 (176.6042536230469, 420.5440988567515),
 (176.6042536230469, 420.5440988567515),
 (176.6042536230469, 420.5440988567515),
 (207.82469720588225, 410.13487206073074),
 (207.82469720588225, 410.13487206073074),
 (207.82469720588225, 410.13487206073074),
 (240.24079285353653, 404.45465701531845),
 (240.24079285353653, 404.45465701531845),
 (240.24079285353653, 404.45465701531845),
 (273.1404149182758, 403.62823823689956),
 (273.1404149182758, 403.62823823689956),
 (273.1404149182758, 403.62823823689956),
 (273.1404149182758, 403.62823823689956),
 (305.41119715140223, 410.0830592307094),
 (305.41119715140223, 410.0830592307094),
 (305.41119715140223, 410.0830592307094),
 (336.3734294130201, 421.2369049073192),
 (336.3734294130201, 421.2369049073192),
 (336.3734294130201, 421.2369049073192),
 (365.3469249235661, 436.844744536825),
 (365.3469249235661, 436.844744536825),
 (393.08407525428265, 454.55684750432243),
 (420.8212255849992, 472.2689504718199),
 (420.8212255849992, 472.2689504718199),
 (447.1694866773318, 491.9879067679901),
 (447.1694866773318, 491.9879067679901),
 (471.98395284937186, 513.6052694331415),
 (496.7984190214119, 535.2226320982929),
 (521.6128851934519, 556.8399947634443),
 (521.6128851934519, 556.8399947634443),
 (544.757086067543, 580.2368763056439),
 (567.9012869416341, 603.6337578478435),
 (591.0454878157252, 627.0306393900431),
 (614.1896886898163, 650.4275209322427),
 (637.3338895639074, 673.8244024744423),
 (660.4780904379985, 697.2212840166419),
 (683.6222913120896, 720.6181655588415),
 (706.7664921861807, 744.0150471010411),
 (706.7664921861807, 744.0150471010411),
 (731.5809583582208, 765.6324097661925),
 (756.3954245302608, 787.2497724313439),
 (756.3954245302608, 787.2497724313439),
 (782.7436856225934, 806.9687287275141),
 (782.7436856225934, 806.9687287275141),
 (810.4808359533099, 824.6808316950115),
 (810.4808359533099, 824.6808316950115),
 (839.4543314638559, 840.2886713245173),
 (868.4278269744018, 855.896510954023),
 (868.4278269744018, 855.896510954023),
 (898.4783241654275, 869.314249905581),
 (898.4783241654275, 869.314249905581),
 (898.4783241654275, 869.314249905581),
 (898.4783241654275, 869.314249905581),
 (898.4783241654275, 869.314249905581),
 (931.1387247590509, 873.3597823877204),
 (963.7991253526743, 877.4053148698598),
 (996.4595259462977, 881.4508473519992),
 (996.4595259462977, 881.4508473519992),
 (996.4595259462977, 881.4508473519992),
 (1029.1199265399212, 885.4963798341386),
 (1029.1199265399212, 885.4963798341386),
 (1061.9903253816233, 887.1103748736077),
 (1061.9903253816233, 887.1103748736077),
 (1061.9903253816233, 887.1103748736077),
 (1061.9903253816233, 887.1103748736077),
 (1061.9903253816233, 887.1103748736077),
 (1093.8963306054484, 879.0434714616881),
 (1125.8023358292735, 870.9765680497685),
 (1125.8023358292735, 870.9765680497685),
 (1158.218431476928, 865.2963530043562),
 (1190.6345271245823, 859.6161379589439),
 (1190.6345271245823, 859.6161379589439),
 (1190.6345271245823, 859.6161379589439),
 (1190.6345271245823, 859.6161379589439),
 (1190.6345271245823, 859.6161379589439),
 (1190.6345271245823, 859.6161379589439),
 (1218.7878573615312, 842.5733067220484),
 (1246.9411875984802, 825.5304754851529),
 (1275.094517835429, 808.4876442482574),
 (1303.247848072378, 791.4448130113619),
 (1303.247848072378, 791.4448130113619),
 (1303.247848072378, 791.4448130113619),
 (1303.247848072378, 791.4448130113619),
 (1303.247848072378, 791.4448130113619),
 (1303.247848072378, 791.4448130113619),
 (1323.3100030794312, 765.3569224014836),
 (1343.3721580864844, 739.2690317916054),
 (1363.4343130935376, 713.1811411817271),
 (1383.4964681005908, 687.0932505718488),
 (1403.558623107644, 661.0053599619705),
 (1423.6207781146973, 634.9174693520922),
 (1423.6207781146973, 634.9174693520922),
 (1445.5611000944564, 610.3880916301748),
 (1467.5014220742155, 585.8587139082574),
 (1467.5014220742155, 585.8587139082574),
 (1467.5014220742155, 585.8587139082574),
 (1467.5014220742155, 585.8587139082574),
 (1467.5014220742155, 585.8587139082574),
 (1481.3113603504746, 555.9864239925862),
 (1481.3113603504746, 555.9864239925862),
 (1481.3113603504746, 555.9864239925862),
 (1499.385013959272, 528.4834942353912),
 (1499.385013959272, 528.4834942353912),
 (1515.3707677658135, 499.7167812629877),
 (1515.3707677658135, 499.7167812629877),
 (1529.1807060420726, 469.8444913473164),
 (1542.9906443183318, 439.97220143164515),
 (1556.8005825945909, 410.0999115159739),
 (1570.61052087085, 380.2276216003026),
 (1570.61052087085, 380.2276216003026),
 (1582.168694068732, 349.4140412772087)]

orientations:
[-52.43893302754021,
 -48.18893302754021,
 -48.18893302754021,
 -43.93893302754021,
 -39.68893302754021,
 -39.68893302754021,
 -35.43893302754021,
 -31.18893302754021,
 -26.93893302754021,
 -26.93893302754021,
 -22.68893302754021,
 -18.43893302754021,
 -22.68893302754021,
 -18.43893302754021,
 -18.43893302754021,
 -14.188933027540209,
 -9.938933027540209,
 -9.938933027540209,
 -5.688933027540208,
 -1.438933027540207,
 -1.438933027540207,
 2.811066972459794,
 7.061066972459795,
 11.311066972459795,
 11.311066972459795,
 15.561066972459795,
 19.811066972459795,
 19.811066972459795,
 24.061066972459795,
 28.311066972459795,
 28.311066972459795,
 32.5610669724598,
 32.5610669724598,
 32.5610669724598,
 36.8110669724598,
 36.8110669724598,
 41.0610669724598,
 41.0610669724598,
 41.0610669724598,
 41.0610669724598,
 45.3110669724598,
 45.3110669724598,
 45.3110669724598,
 45.3110669724598,
 45.3110669724598,
 45.3110669724598,
 45.3110669724598,
 45.3110669724598,
 45.3110669724598,
 41.0610669724598,
 41.0610669724598,
 41.0610669724598,
 36.8110669724598,
 36.8110669724598,
 32.5610669724598,
 32.5610669724598,
 28.3110669724598,
 28.3110669724598,
 28.3110669724598,
 24.0610669724598,
 24.0610669724598,
 19.8110669724598,
 15.561066972459798,
 11.311066972459798,
 7.061066972459797,
 7.061066972459797,
 7.061066972459797,
 7.061066972459797,
 11.311066972459798,
 7.061066972459797,
 7.061066972459797,
 2.8110669724597965,
 2.8110669724597965,
 -1.4389330275402044,
 -5.688933027540205,
 -9.938933027540205,
 -14.188933027540205,
 -14.188933027540205,
 -14.188933027540205,
 -9.938933027540205,
 -9.938933027540205,
 -9.938933027540205,
 -14.188933027540205,
 -18.438933027540205,
 -22.688933027540205,
 -26.938933027540205,
 -31.188933027540205,
 -31.188933027540205,
 -31.188933027540205,
 -31.188933027540205,
 -31.188933027540205,
 -35.43893302754021,
 -39.68893302754021,
 -43.93893302754021,
 -48.18893302754021,
 -52.43893302754021,
 -52.43893302754021,
 -52.43893302754021,
 -52.43893302754021,
 -52.43893302754021,
 -52.43893302754021,
 -52.43893302754021,
 -48.18893302754021,
 -48.18893302754021,
 -48.18893302754021,
 -52.43893302754021,
 -56.68893302754021,
 -60.93893302754021,
 -65.18893302754022,
 -65.18893302754022,
 -60.938933027540216,
 -56.688933027540216,
 -56.688933027540216,
 -60.938933027540216,
 -60.938933027540216,
 -65.18893302754022,
 -65.18893302754022,
 -65.18893302754022,
 -65.18893302754022,
 -65.18893302754022,
 -69.43893302754022,
 -69.43893302754022]