actions:
[('init', None, 100),
 ('turnLeft', 100, 50),
 ('turnLeft', 100, 50),
 ('turnLeft', 100, 50),
 ('turnLeft', 100, 50),
 ('turnLeft', 100, 50),
 ('turnLeft', 100, 50),
 ('turnLeft', 100, 50),
 ('turnLeft', 100, 50),
 ('turnLeft', 100, 50),
 ('turnLeft', 100, 50),
 ('turnLeft', 100, 50),
 ('turnLeft', 100, 50),
 ('turnLeft', 100, 50),
 ('turnLeft', 100, 50),
 ('turnLeft', 100, 50),
 ('turnLeft', 100, 50),
 ('turnLeft', 100, 50),
 ('turnLeft', 100, 50),
 ('turnLeft', 100, 50),
 ('turnLeft', 100, 50),
 ('turnLeft', 100, 50),
 ('turnLeft', 100, 50),
 ('turnLeft', 100, 50),
 ('turnLeft', 100, 50),
 ('turnLeft', 100, 50),
 ('turnLeft', 100, 50)]

positions:
[(100, 198),
 (100, 198),
 (100, 198),
 (100, 198),
 (100, 198),
 (100, 198),
 (100, 198),
 (100, 198),
 (100, 198),
 (100, 198),
 (100, 198),
 (100, 198),
 (100, 198),
 (100, 198),
 (100, 198),
 (100, 198),
 (100, 198),
 (100, 198),
 (100, 198),
 (100, 198),
 (100, 198),
 (100, 198),
 (100, 198),
 (100, 198),
 (100, 198),
 (100, 198),
 (100, 198)]

orientations:
[9.220824040637911,
 4.97082404063791,
 0.7208240406379094,
 -3.5291759593620915,
 -7.779175959362092,
 -12.029175959362092,
 -16.279175959362092,
 -20.529175959362092,
 -24.779175959362092,
 -29.029175959362092,
 -33.27917595936209,
 -37.52917595936209,
 -41.77917595936209,
 -46.02917595936209,
 -50.27917595936209,
 -54.52917595936209,
 -58.77917595936209,
 -63.02917595936209,
 -67.27917595936209,
 -71.52917595936209,
 -75.77917595936209,
 -80.02917595936209,
 -84.27917595936209,
 -88.52917595936209,
 -92.77917595936209,
 -97.02917595936209,
 -101.27917595936209]