actions:
[('init', None, 100),
 ('turnRight', 100, 50),
 ('driveForward', 100, 150),
 ('turnRight', 100, 50),
 ('turnRight', 100, 50),
 ('turnRight', 100, 50),
 ('driveForward', 100, 150),
 ('turnRight', 100, 50),
 ('driveForward', 100, 150),
 ('driveForward', 100, 150),
 ('turnLeft', 100, 50),
 ('turnLeft', 100, 50),
 ('driveForward', 100, 150),
 ('turnLeft', 100, 50),
 ('turnLeft', 100, 50),
 ('turnLeft', 100, 50),
 ('turnLeft', 100, 50),
 ('driveForward', 100, 150),
 ('turnLeft', 100, 50),
 ('turnLeft', 100, 50),
 ('turnLeft', 100, 50),
 ('turnLeft', 100, 50),
 ('turnLeft', 100, 50),
 ('turnRight', 100, 50),
 ('turnLeft', 100, 50),
 ('driveForward', 100, 150),
 ('turnLeft', 100, 50),
 ('turnLeft', 100, 50),
 ('turnLeft', 100, 50),
 ('turnLeft', 100, 50),
 ('turnLeft', 100, 50),
 ('driveForward', 100, 150),
 ('turnLeft', 100, 50),
 ('turnLeft', 100, 50),
 ('turnLeft', 100, 50),
 ('turnLeft', 100, 50),
 ('turnRight', 100, 50),
 ('turnLeft', 100, 50),
 ('turnLeft', 100, 50),
 ('driveForward', 100, 150),
 ('turnLeft', 100, 50),
 ('turnLeft', 100, 50),
 ('turnLeft', 100, 50),
 ('turnLeft', 100, 50),
 ('turnLeft', 100, 50),
 ('turnLeft', 100, 50),
 ('turnLeft', 100, 50),
 ('turnLeft', 100, 50),
 ('turnLeft', 100, 50),
 ('turnRight', 100, 50),
 ('turnLeft', 100, 50),
 ('driveForward', 100, 150),
 ('turnLeft', 100, 50),
 ('turnLeft', 100, 50),
 ('turnLeft', 100, 50),
 ('turnLeft', 100, 50),
 ('turnRight', 100, 50),
 ('turnLeft', 100, 50),
 ('turnRight', 100, 50),
 ('turnRight', 100, 50),
 ('turnLeft', 100, 50),
 ('turnLeft', 100, 50),
 ('driveForward', 100, 150)]

positions:
[(100, 481),
 (100, 481),
 (121.94032197975909, 456.47062227808254),
 (121.94032197975909, 456.47062227808254),
 (121.94032197975909, 456.47062227808254),
 (121.94032197975909, 456.47062227808254),
 (148.75321727810197, 437.38825487463646),
 (148.75321727810197, 437.38825487463646),
 (176.90654751505085, 420.34542363774096),
 (205.05987775199972, 403.30259240084547),
 (205.05987775199972, 403.30259240084547),
 (205.05987775199972, 403.30259240084547),
 (230.384877113702, 382.28563478729495),
 (230.384877113702, 382.28563478729495),
 (230.384877113702, 382.28563478729495),
 (230.384877113702, 382.28563478729495),
 (230.384877113702, 382.28563478729495),
 (248.4585307224995, 354.7827050301),
 (248.4585307224995, 354.7827050301),
 (248.4585307224995, 354.7827050301),
 (248.4585307224995, 354.7827050301),
 (248.4585307224995, 354.7827050301),
 (248.4585307224995, 354.7827050301),
 (248.4585307224995, 354.7827050301),
 (248.4585307224995, 354.7827050301),
 (255.33521020433798, 322.5991785094705),
 (255.33521020433798, 322.5991785094705),
 (255.33521020433798, 322.5991785094705),
 (255.33521020433798, 322.5991785094705),
 (255.33521020433798, 322.5991785094705),
 (255.33521020433798, 322.5991785094705),
 (250.07979537875858, 290.11150830966886),
 (250.07979537875858, 290.11150830966886),
 (250.07979537875858, 290.11150830966886),
 (250.07979537875858, 290.11150830966886),
 (250.07979537875858, 290.11150830966886),
 (250.07979537875858, 290.11150830966886),
 (250.07979537875858, 290.11150830966886),
 (250.07979537875858, 290.11150830966886),
 (233.40693994934912, 261.73750626853956),
 (233.40693994934912, 261.73750626853956),
 (233.40693994934912, 261.73750626853956),
 (233.40693994934912, 261.73750626853956),
 (233.40693994934912, 261.73750626853956),
 (233.40693994934912, 261.73750626853956),
 (233.40693994934912, 261.73750626853956),
 (233.40693994934912, 261.73750626853956),
 (233.40693994934912, 261.73750626853956),
 (233.40693994934912, 261.73750626853956),
 (233.40693994934912, 261.73750626853956),
 (233.40693994934912, 261.73750626853956),
 (202.74729131313887, 249.7769859828609),
 (202.74729131313887, 249.7769859828609),
 (202.74729131313887, 249.7769859828609),
 (202.74729131313887, 249.7769859828609),
 (202.74729131313887, 249.7769859828609),
 (202.74729131313887, 249.7769859828609),
 (202.74729131313887, 249.7769859828609),
 (202.74729131313887, 249.7769859828609),
 (202.74729131313887, 249.7769859828609),
 (202.74729131313887, 249.7769859828609),
 (202.74729131313887, 249.7769859828609),
 (169.93040580088066, 247.30309728784297)]

orientations:
[-52.43893302754021,
 -48.18893302754021,
 -48.18893302754021,
 -43.93893302754021,
 -39.68893302754021,
 -35.43893302754021,
 -35.43893302754021,
 -31.18893302754021,
 -31.18893302754021,
 -31.18893302754021,
 -35.43893302754021,
 -39.68893302754021,
 -39.68893302754021,
 -43.93893302754021,
 -48.18893302754021,
 -52.43893302754021,
 -56.68893302754021,
 -56.68893302754021,
 -60.93893302754021,
 -65.18893302754022,
 -69.43893302754022,
 -73.68893302754022,
 -77.93893302754022,
 -73.68893302754022,
 -77.93893302754022,
 -77.93893302754022,
 -82.18893302754022,
 -86.43893302754022,
 -90.68893302754022,
 -94.93893302754022,
 -99.18893302754022,
 -99.18893302754022,
 -103.43893302754022,
 -107.68893302754022,
 -111.93893302754022,
 -116.18893302754022,
 -111.93893302754022,
 -116.18893302754022,
 -120.43893302754022,
 -120.43893302754022,
 -124.68893302754022,
 -128.93893302754023,
 -133.18893302754023,
 -137.43893302754023,
 -141.68893302754023,
 -145.93893302754023,
 -150.18893302754023,
 -154.43893302754023,
 -158.68893302754023,
 -154.43893302754023,
 -158.68893302754023,
 -158.68893302754023,
 -162.93893302754023,
 -167.18893302754023,
 -171.43893302754023,
 -175.68893302754023,
 -171.43893302754023,
 -175.68893302754023,
 -171.43893302754023,
 -167.18893302754023,
 -171.43893302754023,
 -175.68893302754023,
 -175.68893302754023]