actions:
[('init', None, 100),
 ('turnLeft', 100, 50),
 ('turnLeft', 100, 50),
 ('turnLeft', 100, 50),
 ('turnLeft', 100, 50),
 ('driveForward', 100, 150),
 ('turnLeft', 100, 50),
 ('turnLeft', 100, 50),
 ('driveForward', 100, 150),
 ('turnLeft', 100, 50),
 ('turnLeft', 100, 50),
 ('driveForward', 100, 150),
 ('turnLeft', 100, 50),
 ('turnLeft', 100, 50),
 ('driveForward', 100, 150),
 ('turnLeft', 100, 50),
 ('turnLeft', 100, 50),
 ('turnLeft', 100, 50),
 ('driveForward', 100, 150),
 ('driveForward', 100, 150),
 ('driveForward', 100, 150),
 ('turnLeft', 100, 50),
 ('driveForward', 100, 150),
 ('driveForward', 100, 150),
 ('turnLeft', 100, 50),
 ('turnLeft', 100, 50),
 ('driveForward', 100, 150),
 ('driveForward', 100, 150),
 ('turnLeft', 100, 50),
 ('driveForward', 100, 150),
 ('driveForward', 100, 150),
 ('driveForward', 100, 150),
 ('turnLeft', 100, 50),
 ('driveForward', 100, 150),
 ('driveForward', 100, 150),
 ('driveForward', 100, 150),
 ('driveForward', 100, 150),
 ('turnLeft', 100, 50),
 ('driveForward', 100, 150),
 ('driveForward', 100, 150),
 ('driveForward', 100, 150),
 ('turnLeft', 100, 50),
 ('driveForward', 100, 150),
 ('driveForward', 100, 150),
 ('driveForward', 100, 150),
 ('driveForward', 100, 150),
 ('turnLeft', 100, 50),
 ('driveForward', 100, 150),
 ('driveForward', 100, 150),
 ('driveForward', 100, 150),
 ('driveForward', 100, 150),
 ('turnLeft', 100, 50),
 ('turnLeft', 100, 50),
 ('turnLeft', 100, 50),
 ('driveForward', 100, 150),
 ('turnRight', 100, 50),
 ('driveForward', 100, 150),
 ('turnLeft', 100, 50),
 ('turnRight', 100, 50),
 ('turnLeft', 100, 50),
 ('turnRight', 100, 50),
 ('turnLeft', 100, 50),
 ('turnRight', 100, 50),
 ('turnLeft', 100, 50),
 ('turnRight', 100, 50),
 ('turnLeft', 100, 50),
 ('driveForward', 100, 150),
 ('turnRight', 100, 50),
 ('turnRight', 100, 50),
 ('turnRight', 100, 50),
 ('turnLeft', 100, 50),
 ('turnRight', 100, 50),
 ('turnLeft', 100, 50),
 ('turnRight', 100, 50),
 ('turnLeft', 100, 50),
 ('turnRight', 100, 50),
 ('turnLeft', 100, 50),
 ('turnRight', 100, 50),
 ('turnLeft', 100, 50),
 ('turnRight', 100, 50),
 ('turnLeft', 100, 50),
 ('turnRight', 100, 50),
 ('turnLeft', 100, 50),
 ('turnRight', 100, 50),
 ('turnLeft', 100, 50),
 ('turnRight', 100, 50),
 ('turnLeft', 100, 50),
 ('turnRight', 100, 50),
 ('turnLeft', 100, 50),
 ('turnRight', 100, 50),
 ('turnLeft', 100, 50),
 ('turnRight', 100, 50),
 ('turnLeft', 100, 50),
 ('turnRight', 100, 50),
 ('turnLeft', 100, 50),
 ('turnLeft', 100, 50),
 ('turnLeft', 100, 50),
 ('turnLeft', 100, 50),
 ('turnRight', 100, 50),
 ('turnRight', 100, 50),
 ('turnLeft', 100, 50),
 ('turnLeft', 100, 50),
 ('turnRight', 100, 50),
 ('turnRight', 100, 50),
 ('turnLeft', 100, 50),
 ('turnLeft', 100, 50),
 ('turnRight', 100, 50),
 ('turnRight', 100, 50),
 ('turnLeft', 100, 50),
 ('turnLeft', 100, 50),
 ('turnRight', 100, 50),
 ('turnRight', 100, 50),
 ('turnLeft', 100, 50),
 ('turnRight', 100, 50),
 ('turnRight', 100, 50),
 ('driveForward', 100, 150),
 ('turnLeft', 100, 50),
 ('turnRight', 100, 50),
 ('driveForward', 100, 150),
 ('driveForward', 100, 150),
 ('turnLeft', 100, 50),
 ('turnLeft', 100, 50),
 ('driveForward', 100, 150),
 ('driveForward', 100, 150),
 ('driveForward', 100, 150),
 ('driveForward', 100, 150),
 ('driveForward', 100, 150),
 ('turnLeft', 100, 50),
 ('turnLeft', 100, 50),
 ('driveForward', 100, 150),
 ('driveForward', 100, 150),
 ('driveForward', 100, 150),
 ('driveForward', 100, 150),
 ('driveForward', 100, 150),
 ('driveForward', 100, 150),
 ('turnLeft', 100, 50),
 ('driveForward', 100, 150)]

positions:
[(100, 174),
 (100, 174),
 (100, 174),
 (100, 174),
 (100, 174),
 (112.47589417155834, 204.45357392195663),
 (112.47589417155834, 204.45357392195663),
 (112.47589417155834, 204.45357392195663),
 (129.31607624505048, 232.72858705602314),
 (129.31607624505048, 232.72858705602314),
 (129.31607624505048, 232.72858705602314),
 (150.15059649866558, 258.20388618678317),
 (150.15059649866558, 258.20388618678317),
 (150.15059649866558, 258.20388618678317),
 (174.52175649789436, 280.3198229811401),
 (174.52175649789436, 280.3198229811401),
 (174.52175649789436, 280.3198229811401),
 (174.52175649789436, 280.3198229811401),
 (203.17291076863862, 296.51177959403935),
 (231.82406503938287, 312.70373620693863),
 (260.47521931012716, 328.8956928198379),
 (260.47521931012716, 328.8956928198379),
 (290.2475496678322, 342.9198307638142),
 (320.0198800255372, 356.94396870779053),
 (320.0198800255372, 356.94396870779053),
 (320.0198800255372, 356.94396870779053),
 (351.5380866096586, 366.4134329862303),
 (383.05629319378, 375.8828972646701),
 (383.05629319378, 375.8828972646701),
 (415.18959824443334, 382.99055556552116),
 (447.3229032950867, 390.09821386637225),
 (479.45620834574004, 397.20587216722333),
 (479.45620834574004, 397.20587216722333),
 (512.0278905808632, 401.91263500107885),
 (544.5995728159863, 406.6193978349344),
 (577.1712550511095, 411.3261606687899),
 (609.7429372862326, 416.0329235026454),
 (609.7429372862326, 416.0329235026454),
 (642.5738645115357, 418.3129054163579),
 (675.4047917368388, 420.5928873300704),
 (708.2357189621418, 422.87286924378293),
 (708.2357189621418, 422.87286924378293),
 (741.1453332318611, 422.713531180874),
 (774.0549475015803, 422.55419311796504),
 (806.9645617712995, 422.3948550550561),
 (839.8741760410187, 422.23551699214715),
 (839.8741760410187, 422.23551699214715),
 (872.681486659776, 419.637735252976),
 (905.4887972785334, 417.0399535138048),
 (938.2961078972908, 414.4421717746336),
 (971.1034185160481, 411.8443900354624),
 (971.1034185160481, 411.8443900354624),
 (971.1034185160481, 411.8443900354624),
 (971.1034185160481, 411.8443900354624),
 (1002.5284532180096, 402.0701742622911),
 (1002.5284532180096, 402.0701742622911),
 (1034.5914272650923, 394.6516976493941),
 (1034.5914272650923, 394.6516976493941),
 (1034.5914272650923, 394.6516976493941),
 (1034.5914272650923, 394.6516976493941),
 (1034.5914272650923, 394.6516976493941),
 (1034.5914272650923, 394.6516976493941),
 (1034.5914272650923, 394.6516976493941),
 (1034.5914272650923, 394.6516976493941),
 (1034.5914272650923, 394.6516976493941),
 (1034.5914272650923, 394.6516976493941),
 (1066.0164619670538, 384.8774818762228),
 (1066.0164619670538, 384.8774818762228),
 (1066.0164619670538, 384.8774818762228),
 (1066.0164619670538, 384.8774818762228),
 (1066.0164619670538, 384.8774818762228),
 (1066.0164619670538, 384.8774818762228),
 (1066.0164619670538, 384.8774818762228),
 (1066.0164619670538, 384.8774818762228),
 (1066.0164619670538, 384.8774818762228),
 (1066.0164619670538, 384.8774818762228),
 (1066.0164619670538, 384.8774818762228),
 (1066.0164619670538, 384.8774818762228),
 (1066.0164619670538, 384.8774818762228),
 (1066.0164619670538, 384.8774818762228),
 (1066.0164619670538, 384.8774818762228),
 (1066.0164619670538, 384.8774818762228),
 (1066.0164619670538, 384.8774818762228),
 (1066.0164619670538, 384.8774818762228),
 (1066.0164619670538, 384.8774818762228),
 (1066.0164619670538, 384.8774818762228),
 (1066.0164619670538, 384.8774818762228),
 (1066.0164619670538, 384.8774818762228),
 (1066.0164619670538, 384.8774818762228),
 (1066.0164619670538, 384.8774818762228),
 (1066.0164619670538, 384.8774818762228),
 (1066.0164619670538, 384.8774818762228),
 (1066.0164619670538, 384.8774818762228),
 (1066.0164619670538, 384.8774818762228),
 (1066.0164619670538, 384.8774818762228),
 (1066.0164619670538, 384.8774818762228),
 (1066.0164619670538, 384.8774818762228),
 (1066.0164619670538, 384.8774818762228),
 (1066.0164619670538, 384.8774818762228),
 (1066.0164619670538, 384.8774818762228),
 (1066.0164619670538, 384.8774818762228),
 (1066.0164619670538, 384.8774818762228),
 (1066.0164619670538, 384.8774818762228),
 (1066.0164619670538, 384.8774818762228),
 (1066.0164619670538, 384.8774818762228),
 (1066.0164619670538, 384.8774818762228),
 (1066.0164619670538, 384.8774818762228),
 (1066.0164619670538, 384.8774818762228),
 (1066.0164619670538, 384.8774818762228),
 (1066.0164619670538, 384.8774818762228),
 (1066.0164619670538, 384.8774818762228),
 (1066.0164619670538, 384.8774818762228),
 (1066.0164619670538, 384.8774818762228),
 (1066.0164619670538, 384.8774818762228),
 (1066.0164619670538, 384.8774818762228),
 (1098.5410408716787, 379.8555432986587),
 (1098.5410408716787, 379.8555432986587),
 (1098.5410408716787, 379.8555432986587),
 (1131.0656197763035, 374.83360472109456),
 (1163.5901986809283, 369.81166614353043),
 (1163.5901986809283, 369.81166614353043),
 (1163.5901986809283, 369.81166614353043),
 (1195.0152333828898, 360.0374503703591),
 (1226.4402680848514, 350.2632345971878),
 (1257.865302786813, 340.4890188240165),
 (1289.2903374887744, 330.7148030508452),
 (1320.715372190736, 320.9405872776739),
 (1320.715372190736, 320.9405872776739),
 (1320.715372190736, 320.9405872776739),
 (1350.3505089399885, 306.62881695206073),
 (1379.985645689241, 292.31704662644756),
 (1409.6207824384935, 278.0052763008344),
 (1439.255919187746, 263.6935059752212),
 (1468.8910559369986, 249.38173564960803),
 (1498.526192686251, 235.06996532399484),
 (1498.526192686251, 235.06996532399484),
 (1527.0192146040372, 218.60133447645447)]

orientations:
[84.7225939170928,
 80.4725939170928,
 76.2225939170928,
 71.9725939170928,
 67.7225939170928,
 67.7225939170928,
 63.472593917092794,
 59.222593917092794,
 59.222593917092794,
 54.972593917092794,
 50.722593917092794,
 50.722593917092794,
 46.472593917092794,
 42.222593917092794,
 42.222593917092794,
 37.972593917092794,
 33.722593917092794,
 29.472593917092794,
 29.472593917092794,
 29.472593917092794,
 29.472593917092794,
 25.222593917092794,
 25.222593917092794,
 25.222593917092794,
 20.972593917092794,
 16.722593917092794,
 16.722593917092794,
 16.722593917092794,
 12.472593917092794,
 12.472593917092794,
 12.472593917092794,
 12.472593917092794,
 8.222593917092794,
 8.222593917092794,
 8.222593917092794,
 8.222593917092794,
 8.222593917092794,
 3.9725939170927935,
 3.9725939170927935,
 3.9725939170927935,
 3.9725939170927935,
 -0.27740608290720736,
 -0.27740608290720736,
 -0.27740608290720736,
 -0.27740608290720736,
 -0.27740608290720736,
 -4.527406082907208,
 -4.527406082907208,
 -4.527406082907208,
 -4.527406082907208,
 -4.527406082907208,
 -8.77740608290721,
 -13.02740608290721,
 -17.27740608290721,
 -17.27740608290721,
 -13.02740608290721,
 -13.02740608290721,
 -17.27740608290721,
 -13.02740608290721,
 -17.27740608290721,
 -13.02740608290721,
 -17.27740608290721,
 -13.02740608290721,
 -17.27740608290721,
 -13.02740608290721,
 -17.27740608290721,
 -17.27740608290721,
 -13.02740608290721,
 -8.77740608290721,
 -4.527406082907208,
 -8.77740608290721,
 -4.527406082907208,
 -8.77740608290721,
 -4.527406082907208,
 -8.77740608290721,
 -4.527406082907208,
 -8.77740608290721,
 -4.527406082907208,
 -8.77740608290721,
 -4.527406082907208,
 -8.77740608290721,
 -4.527406082907208,
 -8.77740608290721,
 -4.527406082907208,
 -8.77740608290721,
 -4.527406082907208,
 -8.77740608290721,
 -4.527406082907208,
 -8.77740608290721,
 -4.527406082907208,
 -8.77740608290721,
 -4.527406082907208,
 -8.77740608290721,
 -4.527406082907208,
 -8.77740608290721,
 -13.02740608290721,
 -17.27740608290721,
 -21.52740608290721,
 -17.27740608290721,
 -13.02740608290721,
 -17.27740608290721,
 -21.52740608290721,
 -17.27740608290721,
 -13.02740608290721,
 -17.27740608290721,
 -21.52740608290721,
 -17.27740608290721,
 -13.02740608290721,
 -17.27740608290721,
 -21.52740608290721,
 -17.27740608290721,
 -13.02740608290721,
 -17.27740608290721,
 -13.02740608290721,
 -8.77740608290721,
 -8.77740608290721,
 -13.02740608290721,
 -8.77740608290721,
 -8.77740608290721,
 -8.77740608290721,
 -13.02740608290721,
 -17.27740608290721,
 -17.27740608290721,
 -17.27740608290721,
 -17.27740608290721,
 -17.27740608290721,
 -17.27740608290721,
 -21.52740608290721,
 -25.77740608290721,
 -25.77740608290721,
 -25.77740608290721,
 -25.77740608290721,
 -25.77740608290721,
 -25.77740608290721,
 -25.77740608290721,
 -30.02740608290721,
 -30.02740608290721]