actions:
[('init', None, 100),
 ('turnRight', 100, 50),
 ('turnRight', 100, 50),
 ('turnRight', 100, 50),
 ('driveForward', 100, 150),
 ('driveForward', 100, 150),
 ('turnLeft', 100, 50),
 ('driveForward', 100, 150),
 ('driveForward', 100, 150),
 ('turnRight', 100, 50),
 ('driveForward', 100, 150),
 ('driveForward', 100, 150),
 ('driveForward', 100, 150),
 ('turnRight', 100, 50),
 ('driveForward', 100, 150),
 ('turnRight', 100, 50),
 ('driveForward', 100, 150),
 ('turnRight', 100, 50),
 ('driveForward', 100, 150),
 ('driveForward', 100, 150),
 ('turnLeft', 100, 50),
 ('driveForward', 100, 150),
 ('turnLeft', 100, 50),
 ('turnRight', 100, 50),
 ('driveForward', 100, 150),
 ('turnLeft', 100, 50),
 ('driveForward', 100, 150),
 ('driveForward', 100, 150),
 ('turnLeft', 100, 50),
 ('driveForward', 100, 150),
 ('turnRight', 100, 50),
 ('driveForward', 100, 150),
 ('driveForward', 100, 150),
 ('turnRight', 100, 50),
 ('turnRight', 100, 50),
 ('turnLeft', 100, 50),
 ('turnRight', 100, 50),
 ('driveForward', 100, 150),
 ('turnRight', 100, 50),
 ('driveForward', 100, 150),
 ('driveForward', 100, 150)]

positions:
[(100, 273),
 (100, 273),
 (100, 273),
 (100, 273),
 (103.17313413777237, 305.75666832484194),
 (106.34626827554473, 338.5133366496839),
 (106.34626827554473, 338.5133366496839),
 (111.9382241151692, 370.94477401973717),
 (117.53017995479368, 403.37621138979046),
 (117.53017995479368, 403.37621138979046),
 (120.70331409256605, 436.1328797146324),
 (123.87644823033841, 468.88954803947433),
 (127.04958236811078, 501.6462163643163),
 (127.04958236811078, 501.6462163643163),
 (127.78644374096427, 534.5479660946452),
 (127.78644374096427, 534.5479660946452),
 (126.08297988413352, 567.4138497871381),
 (126.08297988413352, 567.4138497871381),
 (121.94855921821053, 600.0631172484027),
 (117.81413855228755, 632.7123847096673),
 (117.81413855228755, 632.7123847096673),
 (116.1106746954568, 665.5782684021602),
 (116.1106746954568, 665.5782684021602),
 (116.1106746954568, 665.5782684021602),
 (114.40721083862604, 698.4441520946532),
 (114.40721083862604, 698.4441520946532),
 (115.14407221147954, 731.3459018249821),
 (115.88093358433304, 764.247651555311),
 (115.88093358433304, 764.247651555311),
 (119.0540677221054, 797.0043198801529),
 (119.0540677221054, 797.0043198801529),
 (119.7909290949589, 829.9060696104818),
 (120.5277904678124, 862.8078193408107),
 (120.5277904678124, 862.8078193408107),
 (120.5277904678124, 862.8078193408107),
 (120.5277904678124, 862.8078193408107),
 (120.5277904678124, 862.8078193408107),
 (116.3933698018894, 895.4570868020753),
 (116.3933698018894, 895.4570868020753),
 (109.85073010997847, 927.7101791477997),
 (103.30809041806754, 959.9632714935242)]

orientations:
[71.71702901564188,
 75.96702901564188,
 80.21702901564188,
 84.46702901564188,
 84.46702901564188,
 84.46702901564188,
 80.21702901564188,
 80.21702901564188,
 80.21702901564188,
 84.46702901564188,
 84.46702901564188,
 84.46702901564188,
 84.46702901564188,
 88.71702901564188,
 88.71702901564188,
 92.96702901564188,
 92.96702901564188,
 97.21702901564188,
 97.21702901564188,
 97.21702901564188,
 92.96702901564188,
 92.96702901564188,
 88.71702901564188,
 92.96702901564188,
 92.96702901564188,
 88.71702901564188,
 88.71702901564188,
 88.71702901564188,
 84.46702901564188,
 84.46702901564188,
 88.71702901564188,
 88.71702901564188,
 88.71702901564188,
 92.96702901564188,
 97.21702901564188,
 92.96702901564188,
 97.21702901564188,
 97.21702901564188,
 101.46702901564188,
 101.46702901564188,
 101.46702901564188]